
 The 6X6 Mass Matrix
 ========================================================

     7.7390481409E+02    0.0000000000E+00    0.0000000000E+00    0.0000000000E+00    1.0406042557E+02   -5.0004686835E+02
     0.0000000000E+00    7.7390481409E+02    0.0000000000E+00   -1.0406042557E+02    0.0000000000E+00    0.0000000000E+00
     0.0000000000E+00    0.0000000000E+00    7.7390481409E+02    5.0004686835E+02    0.0000000000E+00    0.0000000000E+00
     0.0000000000E+00   -1.0406042557E+02    5.0004686835E+02    2.7862702640E+03    0.0000000000E+00    0.0000000000E+00
     1.0406042557E+02    0.0000000000E+00    0.0000000000E+00    0.0000000000E+00    2.2565702335E+02   -8.7101388533E+01
    -5.0004686835E+02    0.0000000000E+00    0.0000000000E+00    0.0000000000E+00   -8.7101388533E+01    2.5606132406E+03

 The Mass Center of the Cross Section
 ========================================================

  Xm2 =    6.4613484662E-01
  Xm3 =    1.3446153025E-01

 The 6X6 Mass Matrix at the Mass Center
 ========================================================

   7.739048140933E+02  0.000000000000E+00  0.000000000000E+00  0.000000000000E+00  0.000000000000E+00  0.000000000000E+00
   0.000000000000E+00  7.739048140933E+02  0.000000000000E+00  0.000000000000E+00  0.000000000000E+00  0.000000000000E+00
   0.000000000000E+00  0.000000000000E+00  7.739048140933E+02  0.000000000000E+00  0.000000000000E+00  0.000000000000E+00
   0.000000000000E+00  0.000000000000E+00  0.000000000000E+00  2.449180433334E+03  0.000000000000E+00  0.000000000000E+00
   0.000000000000E+00  0.000000000000E+00  0.000000000000E+00  0.000000000000E+00  2.116648992856E+02 -1.986432141540E+01
   0.000000000000E+00  0.000000000000E+00  0.000000000000E+00  0.000000000000E+00 -1.986432141540E+01  2.237515534048E+03

 The Mass Properties with respect to Principal Inertial Axes
 ========================================================

 Mass Per Unit Span                     =    7.7390481409E+02
 Mass Moments of Intertia about x1 axis =    2.4491804333E+03
 Mass Moments of Intertia about x2 axis =    2.1147013994E+02
 Mass Moments of Intertia about x3 axis =    2.2377102934E+03
 The Principal Inertial Axes Rotated from User Coordinate System by 
     5.6173732157E-01
 Degree about the positive direction of x1 axis.
 The mass-weighted radius of gyration   =    1.7789617754E+00

 The Geometric Center of the Cross Section
 ========================================================

  Xg2 =    5.9495844957E-01
  Xg3 =    1.3683386276E-01

 Classical Stiffness Matrix (1-extension; 2-twist; 3,4-bending)
 ========================================================

     1.0573935708E+10    0.0000000000E+00    1.4013382440E+09   -7.1984667886E+09
     0.0000000000E+00    9.5019702809E+08    0.0000000000E+00    0.0000000000E+00
     1.4013382440E+09    0.0000000000E+00    3.6645580704E+09   -9.7970836484E+08
    -7.1984667886E+09    0.0000000000E+00   -9.7970836484E+08    3.3830589933E+10

 Classical Flexibility Matrix (1-extension; 2-twist; 3,4-bending)
 ========================================================

     1.1559469519E-10    0.0000000000E+00   -3.7921637982E-11    2.3498036241E-11
     0.0000000000E+00    1.0524133105E-09    0.0000000000E+00    0.0000000000E+00
    -3.7921637982E-11    0.0000000000E+00    2.8745385518E-10    2.5548755917E-13
     2.3498036241E-11    0.0000000000E+00    2.5548755917E-13    3.4566353679E-11

 The Neutral Axes (or Tension Center) of the Cross Section
 ========================================================

  Xt2 =    6.8077459401E-01
  Xt3 =    1.3252759264E-01

 Timoshenko Stiffness Matrix (1-extension; 2,3-shear, 4-twist; 5,6-bending)
 ========================================================

     1.0573935708E+10    0.0000000000E+00    0.0000000000E+00    0.0000000000E+00    1.4013382440E+09   -7.1984667886E+09
     0.0000000000E+00    6.6690011124E+08    1.0095588726E+07   -1.4888601712E+08    0.0000000000E+00    0.0000000000E+00
     0.0000000000E+00    1.0095588726E+07    3.3808656347E+08    5.0790704072E+06    0.0000000000E+00    0.0000000000E+00
     0.0000000000E+00   -1.4888601712E+08    5.0790704072E+06    9.8359507714E+08    0.0000000000E+00    0.0000000000E+00
     1.4013382440E+09    0.0000000000E+00    0.0000000000E+00    0.0000000000E+00    3.6645580704E+09   -9.7970836484E+08
    -7.1984667886E+09    0.0000000000E+00    0.0000000000E+00    0.0000000000E+00   -9.7970836484E+08    3.3830589933E+10

 Timoshenko Flexibility Matrix (1-extension; 2,3-shear, 4-twist; 5,6-bending)
 ========================================================

     1.1559469519E-10    0.0000000000E+00    0.0000000000E+00    0.0000000000E+00   -3.7921637982E-11    2.3498036241E-11
     0.0000000000E+00    1.5527608006E-09   -4.9901802383E-11    2.3529786931E-10    0.0000000000E+00    0.0000000000E+00
     0.0000000000E+00   -4.9901802383E-11    2.9596555585E-09   -2.2836612432E-11    0.0000000000E+00    0.0000000000E+00
     0.0000000000E+00    2.3529786931E-10   -2.2836612432E-11    1.0524133105E-09    0.0000000000E+00    0.0000000000E+00
    -3.7921637982E-11    0.0000000000E+00    0.0000000000E+00    0.0000000000E+00    2.8745385518E-10    2.5548755917E-13
     2.3498036241E-11    0.0000000000E+00    0.0000000000E+00    0.0000000000E+00    2.5548755917E-13    3.4566353679E-11

 The Generalized Shear Center of the Cross Section in the User Coordinate System
 ========================================================

  Xs2 =    2.1699281265E-02
  Xs3 =    2.2357933613E-01
