
 The 6X6 Mass Matrix
 ========================================================

     5.8431797891E+03    0.0000000000E+00    0.0000000000E+00    0.0000000000E+00    5.0892623449E-13    3.7388165480E-11
     0.0000000000E+00    5.8431797891E+03    0.0000000000E+00   -5.0892623449E-13    0.0000000000E+00    0.0000000000E+00
     0.0000000000E+00    0.0000000000E+00    5.8431797891E+03   -3.7388165480E-11    0.0000000000E+00    0.0000000000E+00
     0.0000000000E+00   -5.0892623449E-13   -3.7388165480E-11    4.4471203915E+04    0.0000000000E+00    0.0000000000E+00
     5.0892623449E-13    0.0000000000E+00    0.0000000000E+00    0.0000000000E+00    2.2235601957E+04   -4.3084286139E-13
     3.7388165480E-11    0.0000000000E+00    0.0000000000E+00    0.0000000000E+00   -4.3084286139E-13    2.2235601957E+04

 The Mass Center of the Cross Section
 ========================================================

  Xm2 =   -6.3985991925E-15
  Xm3 =    8.7097479943E-17

 The 6X6 Mass Matrix at the Mass Center
 ========================================================

   5.843179789133E+03  0.000000000000E+00  0.000000000000E+00  0.000000000000E+00  0.000000000000E+00  0.000000000000E+00
   0.000000000000E+00  5.843179789133E+03  0.000000000000E+00  0.000000000000E+00  0.000000000000E+00  0.000000000000E+00
   0.000000000000E+00  0.000000000000E+00  5.843179789133E+03  0.000000000000E+00  0.000000000000E+00  0.000000000000E+00
   0.000000000000E+00  0.000000000000E+00  0.000000000000E+00  4.447120391492E+04  0.000000000000E+00  0.000000000000E+00
   0.000000000000E+00  0.000000000000E+00  0.000000000000E+00  0.000000000000E+00  2.223560195746E+04 -4.308428613875E-13
   0.000000000000E+00  0.000000000000E+00  0.000000000000E+00  0.000000000000E+00 -4.308428613875E-13  2.223560195746E+04

 The Mass Properties with respect to Principal Inertial Axes
 ========================================================

 Mass Per Unit Span                     =    5.8431797891E+03
 Mass Moments of Intertia about x1 axis =    4.4471203915E+04
 Mass Moments of Intertia about x2 axis =    2.2235601957E+04
 Mass Moments of Intertia about x3 axis =    2.2235601957E+04
 The user coordinate axes are the principal inertial axes.
 The mass-weighted radius of gyration   =    2.7587657062E+00

 The Geometric Center of the Cross Section
 ========================================================

  Xg2 =   -6.6856026874E-15
  Xg3 =    5.5112811466E-17

 Classical Stiffness Matrix (1-extension; 2-twist; 3,4-bending)
 ========================================================

     1.2721089333E+11    0.0000000000E+00    1.5064953271E-01    1.4023963682E-01
     0.0000000000E+00    6.0905095123E+10    0.0000000000E+00    0.0000000000E+00
     1.5064953271E-01    0.0000000000E+00    4.8408758452E+11    3.2172421147E-01
     1.4023963682E-01    0.0000000000E+00    3.2172421147E-01    4.8408758452E+11

 Classical Flexibility Matrix (1-extension; 2-twist; 3,4-bending)
 ========================================================

     7.8609620124E-12    0.0000000000E+00   -2.4463553531E-24   -2.2773119843E-24
     0.0000000000E+00    1.6418987574E-11    0.0000000000E+00    0.0000000000E+00
    -2.4463553531E-24    0.0000000000E+00    2.0657418863E-12   -1.3728903627E-24
    -2.2773119843E-24    0.0000000000E+00   -1.3728903627E-24    2.0657418863E-12

 The Neutral Axes (or Tension Center) of the Cross Section
 ========================================================

  Xt2 =   -1.1024184577E-12
  Xt3 =    1.1842502538E-12

 Timoshenko Stiffness Matrix (1-extension; 2,3-shear, 4-twist; 5,6-bending)
 ========================================================

     1.2721089333E+11    0.0000000000E+00    0.0000000000E+00    0.0000000000E+00    1.5064953271E-01    1.4023963682E-01
     0.0000000000E+00    4.0080009810E+09   -1.1367017953E-01    3.1684550030E-05    0.0000000000E+00    0.0000000000E+00
     0.0000000000E+00   -1.1367017953E-01    4.0080009809E+09   -1.0831223460E-04    0.0000000000E+00    0.0000000000E+00
     0.0000000000E+00    3.1684550030E-05   -1.0831223460E-04    6.0905095123E+10    0.0000000000E+00    0.0000000000E+00
     1.5064953271E-01    0.0000000000E+00    0.0000000000E+00    0.0000000000E+00    4.8408758452E+11    3.2172421147E-01
     1.4023963682E-01    0.0000000000E+00    0.0000000000E+00    0.0000000000E+00    3.2172421147E-01    4.8408758452E+11

 Timoshenko Flexibility Matrix (1-extension; 2,3-shear, 4-twist; 5,6-bending)
 ========================================================

     7.8609620124E-12    0.0000000000E+00    0.0000000000E+00    0.0000000000E+00   -2.4463553531E-24   -2.2773119843E-24
     0.0000000000E+00    2.4950093693E-10    7.0760502376E-21   -1.2979743159E-25    0.0000000000E+00    0.0000000000E+00
     0.0000000000E+00    7.0760502376E-21    2.4950093694E-10    4.4370678613E-25    0.0000000000E+00    0.0000000000E+00
     0.0000000000E+00   -1.2979743159E-25    4.4370678613E-25    1.6418987574E-11    0.0000000000E+00    0.0000000000E+00
    -2.4463553531E-24    0.0000000000E+00    0.0000000000E+00    0.0000000000E+00    2.0657418863E-12   -1.3728903627E-24
    -2.2773119843E-24    0.0000000000E+00    0.0000000000E+00    0.0000000000E+00   -1.3728903627E-24    2.0657418863E-12

 The Generalized Shear Center of the Cross Section in the User Coordinate System
 ========================================================

  Xs2 =   -2.7024004016E-14
  Xs3 =   -7.9053249179E-15
