
 The 6X6 Mass Matrix
 ========================================================

     1.2594432363E+03    0.0000000000E+00    0.0000000000E+00    0.0000000000E+00    9.5267925827E+01   -4.6194993043E+02
     0.0000000000E+00    1.2594432363E+03    0.0000000000E+00   -9.5267925827E+01    0.0000000000E+00    0.0000000000E+00
     0.0000000000E+00    0.0000000000E+00    1.2594432363E+03    4.6194993043E+02    0.0000000000E+00    0.0000000000E+00
     0.0000000000E+00   -9.5267925827E+01    4.6194993043E+02    2.8229916035E+03    0.0000000000E+00    0.0000000000E+00
     9.5267925827E+01    0.0000000000E+00    0.0000000000E+00    0.0000000000E+00    4.2603516929E+02   -9.5513883013E+01
    -4.6194993043E+02    0.0000000000E+00    0.0000000000E+00    0.0000000000E+00   -9.5513883013E+01    2.3969564342E+03

 The Mass Center of the Cross Section
 ========================================================

  Xm2 =    3.6678900416E-01
  Xm3 =    7.5642889717E-02

 The 6X6 Mass Matrix at the Mass Center
 ========================================================

   1.259443236285E+03  0.000000000000E+00  0.000000000000E+00  0.000000000000E+00  0.000000000000E+00  0.000000000000E+00
   0.000000000000E+00  1.259443236285E+03  0.000000000000E+00  0.000000000000E+00  0.000000000000E+00  0.000000000000E+00
   0.000000000000E+00  0.000000000000E+00  1.259443236285E+03  0.000000000000E+00  0.000000000000E+00  0.000000000000E+00
   0.000000000000E+00  0.000000000000E+00  0.000000000000E+00  2.646347107369E+03  0.000000000000E+00  0.000000000000E+00
   0.000000000000E+00  0.000000000000E+00  0.000000000000E+00  0.000000000000E+00  4.188288280836E+02 -6.057065537005E+01
   0.000000000000E+00  0.000000000000E+00  0.000000000000E+00  0.000000000000E+00 -6.057065537005E+01  2.227518279285E+03

 The Mass Properties with respect to Principal Inertial Axes
 ========================================================

 Mass Per Unit Span                     =    1.2594432363E+03
 Mass Moments of Intertia about x1 axis =    2.6463471074E+03
 Mass Moments of Intertia about x2 axis =    4.1680266546E+02
 Mass Moments of Intertia about x3 axis =    2.2295444419E+03
 The Principal Inertial Axes Rotated from User Coordinate System by 
     1.9158996033E+00
 Degree about the positive direction of x1 axis.
 The mass-weighted radius of gyration   =    1.4495530185E+00

 The Geometric Center of the Cross Section
 ========================================================

  Xg2 =    3.7404838532E-01
  Xg3 =    8.1417576784E-02

 Classical Stiffness Matrix (1-extension; 2-twist; 3,4-bending)
 ========================================================

     1.9871318730E+10    0.0000000000E+00    1.4268729576E+09   -6.5924053946E+09
     0.0000000000E+00    1.5549162890E+09    0.0000000000E+00    0.0000000000E+00
     1.4268729576E+09    0.0000000000E+00    7.7996603244E+09   -1.1120625216E+09
    -6.5924053946E+09    0.0000000000E+00   -1.1120625216E+09    3.1066296514E+10

 Classical Flexibility Matrix (1-extension; 2-twist; 3,4-bending)
 ========================================================

     5.4675827507E-11    0.0000000000E+00   -8.3909852446E-12    1.1302084876E-11
     0.0000000000E+00    6.4312143817E-10    0.0000000000E+00    0.0000000000E+00
    -8.3909852446E-12    0.0000000000E+00    1.3015617662E-10    2.8785223737E-12
     1.1302084876E-11    0.0000000000E+00    2.8785223737E-12    3.4690617907E-11

 The Neutral Axes (or Tension Center) of the Cross Section
 ========================================================

  Xt2 =    3.3175480118E-01
  Xt3 =    7.1805649988E-02

 Timoshenko Stiffness Matrix (1-extension; 2,3-shear, 4-twist; 5,6-bending)
 ========================================================

     1.9871318730E+10    0.0000000000E+00    0.0000000000E+00    0.0000000000E+00    1.4268729576E+09   -6.5924053946E+09
     0.0000000000E+00    1.1239509786E+09    2.5160232466E+07   -1.4857073522E+08    0.0000000000E+00    0.0000000000E+00
     0.0000000000E+00    2.5160232466E+07    4.8252066480E+08   -9.7537695340E+05    0.0000000000E+00    0.0000000000E+00
     0.0000000000E+00   -1.4857073522E+08   -9.7537695340E+05    1.5745667431E+09    0.0000000000E+00    0.0000000000E+00
     1.4268729576E+09    0.0000000000E+00    0.0000000000E+00    0.0000000000E+00    7.7996603244E+09   -1.1120625216E+09
    -6.5924053946E+09    0.0000000000E+00    0.0000000000E+00    0.0000000000E+00   -1.1120625216E+09    3.1066296514E+10

 Timoshenko Flexibility Matrix (1-extension; 2,3-shear, 4-twist; 5,6-bending)
 ========================================================

     5.4675827507E-11    0.0000000000E+00    0.0000000000E+00    0.0000000000E+00   -8.3909852446E-12    1.1302084876E-11
     0.0000000000E+00    9.0201420389E-10   -4.6862034595E-11    8.5081947711E-11    0.0000000000E+00    0.0000000000E+00
     0.0000000000E+00   -4.6862034595E-11    2.0748873023E-09   -3.1364371818E-12    0.0000000000E+00    0.0000000000E+00
     0.0000000000E+00    8.5081947711E-11   -3.1364371818E-12    6.4312143817E-10    0.0000000000E+00    0.0000000000E+00
    -8.3909852446E-12    0.0000000000E+00    0.0000000000E+00    0.0000000000E+00    1.3015617662E-10    2.8785223737E-12
     1.1302084876E-11    0.0000000000E+00    0.0000000000E+00    0.0000000000E+00    2.8785223737E-12    3.4690617907E-11

 The Generalized Shear Center of the Cross Section in the User Coordinate System
 ========================================================

  Xs2 =    4.8768972634E-03
  Xs3 =    1.3229530639E-01
