
 The 6X6 Mass Matrix
 ========================================================

     1.6524244052E+03    0.0000000000E+00    0.0000000000E+00    0.0000000000E+00   -1.0632207912E+02   -8.2132283438E+02
     0.0000000000E+00    1.6524244052E+03    0.0000000000E+00    1.0632207912E+02    0.0000000000E+00    0.0000000000E+00
     0.0000000000E+00    0.0000000000E+00    1.6524244052E+03    8.2132283438E+02    0.0000000000E+00    0.0000000000E+00
     0.0000000000E+00    1.0632207912E+02    8.2132283438E+02    6.1599926689E+03    0.0000000000E+00    0.0000000000E+00
    -1.0632207912E+02    0.0000000000E+00    0.0000000000E+00    0.0000000000E+00    1.3276898068E+03   -1.4872900193E+02
    -8.2132283438E+02    0.0000000000E+00    0.0000000000E+00    0.0000000000E+00   -1.4872900193E+02    4.8323028621E+03

 The Mass Center of the Cross Section
 ========================================================

  Xm2 =    4.9704109418E-01
  Xm3 =   -6.4343082072E-02

 The 6X6 Mass Matrix at the Mass Center
 ========================================================

   1.652424405153E+03  0.000000000000E+00  0.000000000000E+00  0.000000000000E+00  0.000000000000E+00  0.000000000000E+00
   0.000000000000E+00  1.652424405153E+03  0.000000000000E+00  0.000000000000E+00  0.000000000000E+00  0.000000000000E+00
   0.000000000000E+00  0.000000000000E+00  1.652424405153E+03  0.000000000000E+00  0.000000000000E+00  0.000000000000E+00
   0.000000000000E+00  0.000000000000E+00  0.000000000000E+00  5.744920378340E+03  0.000000000000E+00  0.000000000000E+00
   0.000000000000E+00  0.000000000000E+00  0.000000000000E+00  0.000000000000E+00  1.320848716525E+03 -2.015754444726E+02
   0.000000000000E+00  0.000000000000E+00  0.000000000000E+00  0.000000000000E+00 -2.015754444726E+02  4.424071661815E+03

 The Mass Properties with respect to Principal Inertial Axes
 ========================================================

 Mass Per Unit Span                     =    1.6524244052E+03
 Mass Moments of Intertia about x1 axis =    5.7449203783E+03
 Mass Moments of Intertia about x2 axis =    1.3078098059E+03
 Mass Moments of Intertia about x3 axis =    4.4371105724E+03
 The Principal Inertial Axes Rotated from User Coordinate System by 
     3.7010222176E+00
 Degree about the positive direction of x1 axis.
 The mass-weighted radius of gyration   =    1.8645807949E+00

 The Geometric Center of the Cross Section
 ========================================================

  Xg2 =    4.8470677485E-01
  Xg3 =   -4.1984356146E-02

 Classical Stiffness Matrix (1-extension; 2-twist; 3,4-bending)
 ========================================================

     2.5413776613E+10    0.0000000000E+00   -1.9851429020E+09   -1.2887130439E+10
     0.0000000000E+00    4.0240411752E+09    0.0000000000E+00    0.0000000000E+00
    -1.9851429020E+09    0.0000000000E+00    2.3786637436E+10   -1.8534425816E+09
    -1.2887130439E+10    0.0000000000E+00   -1.8534425816E+09    6.6828125541E+10

 Classical Flexibility Matrix (1-extension; 2-twist; 3,4-bending)
 ========================================================

     4.4057864654E-11    0.0000000000E+00    4.3483128240E-12    8.6167132797E-12
     0.0000000000E+00    2.4850640351E-10    0.0000000000E+00    0.0000000000E+00
     4.3483128240E-12    0.0000000000E+00    4.2560617725E-11    2.0189244371E-12
     8.6167132797E-12    0.0000000000E+00    2.0189244371E-12    1.6681399628E-11

 The Neutral Axes (or Tension Center) of the Cross Section
 ========================================================

  Xt2 =    5.0709230020E-01
  Xt3 =   -7.8112865014E-02

 Timoshenko Stiffness Matrix (1-extension; 2,3-shear, 4-twist; 5,6-bending)
 ========================================================

     2.5413776613E+10    0.0000000000E+00    0.0000000000E+00    0.0000000000E+00   -1.9851429020E+09   -1.2887130439E+10
     0.0000000000E+00    1.1978469060E+09    3.6583887609E+07    1.8448256997E+07    0.0000000000E+00    0.0000000000E+00
     0.0000000000E+00    3.6583887609E+07    8.6452649535E+08   -1.7997794512E+06    0.0000000000E+00    0.0000000000E+00
     0.0000000000E+00    1.8448256997E+07   -1.7997794512E+06    4.0243317684E+09    0.0000000000E+00    0.0000000000E+00
    -1.9851429020E+09    0.0000000000E+00    0.0000000000E+00    0.0000000000E+00    2.3786637436E+10   -1.8534425816E+09
    -1.2887130439E+10    0.0000000000E+00    0.0000000000E+00    0.0000000000E+00   -1.8534425816E+09    6.6828125541E+10

 Timoshenko Flexibility Matrix (1-extension; 2,3-shear, 4-twist; 5,6-bending)
 ========================================================

     4.4057864654E-11    0.0000000000E+00    0.0000000000E+00    0.0000000000E+00    4.3483128240E-12    8.6167132797E-12
     0.0000000000E+00    8.3597115144E-10   -3.5383531312E-11   -3.8480657381E-12    0.0000000000E+00    0.0000000000E+00
     0.0000000000E+00   -3.5383531312E-11    1.1582012775E-09    6.8018033704E-13    0.0000000000E+00    0.0000000000E+00
     0.0000000000E+00   -3.8480657381E-12    6.8018033704E-13    2.4850640351E-10    0.0000000000E+00    0.0000000000E+00
     4.3483128240E-12    0.0000000000E+00    0.0000000000E+00    0.0000000000E+00    4.2560617725E-11    2.0189244371E-12
     8.6167132797E-12    0.0000000000E+00    0.0000000000E+00    0.0000000000E+00    2.0189244371E-12    1.6681399628E-11

 The Generalized Shear Center of the Cross Section in the User Coordinate System
 ========================================================

  Xs2 =   -2.7370736828E-03
  Xs3 =   -1.5484774975E-02
