
 The 6X6 Mass Matrix
 ========================================================

     1.9105478445E+03    0.0000000000E+00    0.0000000000E+00    0.0000000000E+00   -1.0112594106E+01   -1.6237935307E+03
     0.0000000000E+00    1.9105478445E+03    0.0000000000E+00    1.0112594106E+01    0.0000000000E+00    0.0000000000E+00
     0.0000000000E+00    0.0000000000E+00    1.9105478445E+03    1.6237935307E+03    0.0000000000E+00    0.0000000000E+00
     0.0000000000E+00    1.0112594106E+01    1.6237935307E+03    1.1566402011E+04    0.0000000000E+00    0.0000000000E+00
    -1.0112594106E+01    0.0000000000E+00    0.0000000000E+00    0.0000000000E+00    3.2955132030E+03   -6.1134659801E+01
    -1.6237935307E+03    0.0000000000E+00    0.0000000000E+00    0.0000000000E+00   -6.1134659801E+01    8.2708888084E+03

 The Mass Center of the Cross Section
 ========================================================

  Xm2 =    8.4990990171E-01
  Xm3 =   -5.2930336893E-03

 The 6X6 Mass Matrix at the Mass Center
 ========================================================

   1.910547844486E+03  0.000000000000E+00  0.000000000000E+00  0.000000000000E+00  0.000000000000E+00  0.000000000000E+00
   0.000000000000E+00  1.910547844486E+03  0.000000000000E+00  0.000000000000E+00  0.000000000000E+00  0.000000000000E+00
   0.000000000000E+00  0.000000000000E+00  1.910547844486E+03  0.000000000000E+00  0.000000000000E+00  0.000000000000E+00
   0.000000000000E+00  0.000000000000E+00  0.000000000000E+00  1.018627028501E+04  0.000000000000E+00  0.000000000000E+00
   0.000000000000E+00  0.000000000000E+00  0.000000000000E+00  0.000000000000E+00  3.295459676707E+03 -6.972945366329E+01
   0.000000000000E+00  0.000000000000E+00  0.000000000000E+00  0.000000000000E+00 -6.972945366329E+01  6.890810608303E+03

 The Mass Properties with respect to Principal Inertial Axes
 ========================================================

 Mass Per Unit Span                     =    1.9105478445E+03
 Mass Moments of Intertia about x1 axis =    1.0186270285E+04
 Mass Moments of Intertia about x2 axis =    3.2941078284E+03
 Mass Moments of Intertia about x3 axis =    6.8921624567E+03
 The Principal Inertial Axes Rotated from User Coordinate System by 
     1.1106569592E+00
 Degree about the positive direction of x1 axis.
 The mass-weighted radius of gyration   =    2.3090250202E+00

 The Geometric Center of the Cross Section
 ========================================================

  Xg2 =    8.1729167711E-01
  Xg3 =   -1.0279169103E-03

 Classical Stiffness Matrix (1-extension; 2-twist; 3,4-bending)
 ========================================================

     2.5831597128E+10    0.0000000000E+00   -2.0651605944E+08   -2.4297809476E+10
     0.0000000000E+00    1.1228884443E+10    0.0000000000E+00    0.0000000000E+00
    -2.0651605944E+08    0.0000000000E+00    5.1611372261E+10   -7.9878273897E+08
    -2.4297809476E+10    0.0000000000E+00   -7.9878273897E+08    1.1342728995E+11

 Classical Flexibility Matrix (1-extension; 2-twist; 3,4-bending)
 ========================================================

     4.8487476083E-11    0.0000000000E+00    3.5480910480E-13    1.0389235886E-11
     0.0000000000E+00    8.9056041596E-11    0.0000000000E+00    0.0000000000E+00
     3.5480910480E-13    0.0000000000E+00    1.9380283069E-11    2.1248607483E-13
     1.0389235886E-11    0.0000000000E+00    2.1248607483E-13    1.1043245456E-11

 The Neutral Axes (or Tension Center) of the Cross Section
 ========================================================

  Xt2 =    9.4062358419E-01
  Xt3 =   -7.9947073508E-03

 Timoshenko Stiffness Matrix (1-extension; 2,3-shear, 4-twist; 5,6-bending)
 ========================================================

     2.5831597128E+10    0.0000000000E+00    0.0000000000E+00    0.0000000000E+00   -2.0651605944E+08   -2.4297809476E+10
     0.0000000000E+00    1.1921911346E+09    6.0700689830E+06   -3.7636460156E+06    0.0000000000E+00    0.0000000000E+00
     0.0000000000E+00    6.0700689830E+06    1.6508430298E+09    6.5633195203E+08    0.0000000000E+00    0.0000000000E+00
     0.0000000000E+00   -3.7636460156E+06    6.5633195203E+08    1.1489856841E+10    0.0000000000E+00    0.0000000000E+00
    -2.0651605944E+08    0.0000000000E+00    0.0000000000E+00    0.0000000000E+00    5.1611372261E+10   -7.9878273897E+08
    -2.4297809476E+10    0.0000000000E+00    0.0000000000E+00    0.0000000000E+00   -7.9878273897E+08    1.1342728995E+11

 Timoshenko Flexibility Matrix (1-extension; 2,3-shear, 4-twist; 5,6-bending)
 ========================================================

     4.8487476083E-11    0.0000000000E+00    0.0000000000E+00    0.0000000000E+00    3.5480910480E-13    1.0389235886E-11
     0.0000000000E+00    8.3880977039E-10   -3.2677122480E-12    4.6142324328E-13    0.0000000000E+00    0.0000000000E+00
     0.0000000000E+00   -3.2677122480E-12    6.1984043846E-10   -3.5408046336E-11    0.0000000000E+00    0.0000000000E+00
     0.0000000000E+00    4.6142324328E-13   -3.5408046336E-11    8.9056041596E-11    0.0000000000E+00    0.0000000000E+00
     3.5480910480E-13    0.0000000000E+00    0.0000000000E+00    0.0000000000E+00    1.9380283069E-11    2.1248607483E-13
     1.0389235886E-11    0.0000000000E+00    0.0000000000E+00    0.0000000000E+00    2.1248607483E-13    1.1043245456E-11

 The Generalized Shear Center of the Cross Section in the User Coordinate System
 ========================================================

  Xs2 =    3.9759286065E-01
  Xs3 =    5.1812682779E-03
