
 The 6X6 Mass Matrix
 ========================================================

     1.0249833065E+03    0.0000000000E+00    0.0000000000E+00    0.0000000000E+00   -5.5731869605E+00   -1.5722668753E+02
     0.0000000000E+00    1.0249833065E+03    0.0000000000E+00    5.5731869605E+00    0.0000000000E+00    0.0000000000E+00
     0.0000000000E+00    0.0000000000E+00    1.0249833065E+03    1.5722668753E+02    0.0000000000E+00    0.0000000000E+00
     0.0000000000E+00    5.5731869605E+00    1.5722668753E+02    3.6014789210E+03    0.0000000000E+00    0.0000000000E+00
    -5.5731869605E+00    0.0000000000E+00    0.0000000000E+00    0.0000000000E+00    7.6450332429E+02   -9.7780465965E+01
    -1.5722668753E+02    0.0000000000E+00    0.0000000000E+00    0.0000000000E+00   -9.7780465965E+01    2.8369755967E+03

 The Mass Center of the Cross Section
 ========================================================

  Xm2 =    1.5339438850E-01
  Xm3 =   -5.4373441255E-03

 The 6X6 Mass Matrix at the Mass Center
 ========================================================

   1.024983306533E+03  0.000000000000E+00  0.000000000000E+00  0.000000000000E+00  0.000000000000E+00  0.000000000000E+00
   0.000000000000E+00  1.024983306533E+03  0.000000000000E+00  0.000000000000E+00  0.000000000000E+00  0.000000000000E+00
   0.000000000000E+00  0.000000000000E+00  1.024983306533E+03  0.000000000000E+00  0.000000000000E+00  0.000000000000E+00
   0.000000000000E+00  0.000000000000E+00  0.000000000000E+00  3.577330926090E+03  0.000000000000E+00  0.000000000000E+00
   0.000000000000E+00  0.000000000000E+00  0.000000000000E+00  0.000000000000E+00  7.644730209590E+02 -9.863536157130E+01
   0.000000000000E+00  0.000000000000E+00  0.000000000000E+00  0.000000000000E+00 -9.863536157130E+01  2.812857905131E+03

 The Mass Properties with respect to Principal Inertial Axes
 ========================================================

 Mass Per Unit Span                     =    1.0249833065E+03
 Mass Moments of Intertia about x1 axis =    3.5773309261E+03
 Mass Moments of Intertia about x2 axis =    7.5973441920E+02
 Mass Moments of Intertia about x3 axis =    2.8175965069E+03
 The Principal Inertial Axes Rotated from User Coordinate System by 
     2.7504668776E+00
 Degree about the positive direction of x1 axis.
 The mass-weighted radius of gyration   =    1.8681905132E+00

 The Geometric Center of the Cross Section
 ========================================================

  Xg2 =    1.0827878970E-01
  Xg3 =    6.0798740973E-04

 Classical Stiffness Matrix (1-extension; 2-twist; 3,4-bending)
 ========================================================

     1.3168672634E+10    0.0000000000E+00   -1.1344485443E+08   -3.4067718725E+09
     0.0000000000E+00    4.2961770517E+09    0.0000000000E+00    0.0000000000E+00
    -1.1344485443E+08    0.0000000000E+00    1.1096595734E+10   -1.1736535268E+09
    -3.4067718725E+09    0.0000000000E+00   -1.1736535268E+09    3.6143928217E+10

 Classical Flexibility Matrix (1-extension; 2-twist; 3,4-bending)
 ========================================================

     7.7863277158E-11    0.0000000000E+00    1.5776754460E-12    7.3902887721E-12
     0.0000000000E+00    2.3276508113E-10    0.0000000000E+00    0.0000000000E+00
     1.5776754460E-12    0.0000000000E+00    9.0460265092E-11    3.0861003493E-12
     7.3902887721E-12    0.0000000000E+00    3.0861003493E-12    2.8463952073E-11

 The Neutral Axes (or Tension Center) of the Cross Section
 ========================================================

  Xt2 =    2.5870275367E-01
  Xt3 =   -8.6147524195E-03

 Timoshenko Stiffness Matrix (1-extension; 2,3-shear, 4-twist; 5,6-bending)
 ========================================================

     1.3168672634E+10    0.0000000000E+00    0.0000000000E+00    0.0000000000E+00   -1.1344485443E+08   -3.4067718725E+09
     0.0000000000E+00    1.4936570118E+09    3.7224100597E+07   -3.0963927867E+07    0.0000000000E+00    0.0000000000E+00
     0.0000000000E+00    3.7224100597E+07    8.2500635812E+08   -3.3448549943E+08    0.0000000000E+00    0.0000000000E+00
     0.0000000000E+00   -3.0963927867E+07   -3.3448549943E+08    4.4319576440E+09    0.0000000000E+00    0.0000000000E+00
    -1.1344485443E+08    0.0000000000E+00    0.0000000000E+00    0.0000000000E+00    1.1096595734E+10   -1.1736535268E+09
    -3.4067718725E+09    0.0000000000E+00    0.0000000000E+00    0.0000000000E+00   -1.1736535268E+09    3.6143928217E+10

 Timoshenko Flexibility Matrix (1-extension; 2,3-shear, 4-twist; 5,6-bending)
 ========================================================

     7.7863277158E-11    0.0000000000E+00    0.0000000000E+00    0.0000000000E+00    1.5776754460E-12    7.3902887721E-12
     0.0000000000E+00    6.7027775110E-10   -2.9238840915E-11    2.4762113068E-12    0.0000000000E+00    0.0000000000E+00
     0.0000000000E+00   -2.9238840915E-11    1.2516469561E-09    9.4259115592E-11    0.0000000000E+00    0.0000000000E+00
     0.0000000000E+00    2.4762113068E-12    9.4259115592E-11    2.3276508113E-10    0.0000000000E+00    0.0000000000E+00
     1.5776754460E-12    0.0000000000E+00    0.0000000000E+00    0.0000000000E+00    9.0460265092E-11    3.0861003493E-12
     7.3902887721E-12    0.0000000000E+00    0.0000000000E+00    0.0000000000E+00    3.0861003493E-12    2.8463952073E-11

 The Generalized Shear Center of the Cross Section in the User Coordinate System
 ========================================================

  Xs2 =   -4.0495384932E-01
  Xs3 =    1.0638242191E-02
