
 The 6X6 Mass Matrix
 ========================================================

     1.0249833065E+03    0.0000000000E+00    0.0000000000E+00    0.0000000000E+00   -5.5731869605E+00   -1.5722668753E+02
     0.0000000000E+00    1.0249833065E+03    0.0000000000E+00    5.5731869605E+00    0.0000000000E+00    0.0000000000E+00
     0.0000000000E+00    0.0000000000E+00    1.0249833065E+03    1.5722668753E+02    0.0000000000E+00    0.0000000000E+00
     0.0000000000E+00    5.5731869605E+00    1.5722668753E+02    3.6014789210E+03    0.0000000000E+00    0.0000000000E+00
    -5.5731869605E+00    0.0000000000E+00    0.0000000000E+00    0.0000000000E+00    7.6450332429E+02   -9.7780465965E+01
    -1.5722668753E+02    0.0000000000E+00    0.0000000000E+00    0.0000000000E+00   -9.7780465965E+01    2.8369755967E+03

 The Mass Center of the Cross Section
 ========================================================

  Xm2 =    1.5339438850E-01
  Xm3 =   -5.4373441255E-03

 The 6X6 Mass Matrix at the Mass Center
 ========================================================

   1.024983306533E+03  0.000000000000E+00  0.000000000000E+00  0.000000000000E+00  0.000000000000E+00  0.000000000000E+00
   0.000000000000E+00  1.024983306533E+03  0.000000000000E+00  0.000000000000E+00  0.000000000000E+00  0.000000000000E+00
   0.000000000000E+00  0.000000000000E+00  1.024983306533E+03  0.000000000000E+00  0.000000000000E+00  0.000000000000E+00
   0.000000000000E+00  0.000000000000E+00  0.000000000000E+00  3.577330926090E+03  0.000000000000E+00  0.000000000000E+00
   0.000000000000E+00  0.000000000000E+00  0.000000000000E+00  0.000000000000E+00  7.644730209590E+02 -9.863536157130E+01
   0.000000000000E+00  0.000000000000E+00  0.000000000000E+00  0.000000000000E+00 -9.863536157130E+01  2.812857905131E+03

 The Mass Properties with respect to Principal Inertial Axes
 ========================================================

 Mass Per Unit Span                     =    1.0249833065E+03
 Mass Moments of Intertia about x1 axis =    3.5773309261E+03
 Mass Moments of Intertia about x2 axis =    7.5973441920E+02
 Mass Moments of Intertia about x3 axis =    2.8175965069E+03
 The Principal Inertial Axes Rotated from User Coordinate System by 
     2.7504668776E+00
 Degree about the positive direction of x1 axis.
 The mass-weighted radius of gyration   =    1.8681905132E+00

 The Geometric Center of the Cross Section
 ========================================================

  Xg2 =    1.0827878970E-01
  Xg3 =    6.0798740973E-04

 Classical Stiffness Matrix (1-extension; 2-twist; 3,4-bending)
 ========================================================

     1.3168693746E+10    0.0000000000E+00   -1.1343989477E+08   -3.4068332214E+09
     0.0000000000E+00    4.2961770517E+09    0.0000000000E+00    0.0000000000E+00
    -1.1343989477E+08    0.0000000000E+00    1.1096596967E+10   -1.1736677162E+09
    -3.4068332214E+09    0.0000000000E+00   -1.1736677162E+09    3.6144107235E+10

 Classical Flexibility Matrix (1-extension; 2-twist; 3,4-bending)
 ========================================================

     7.7863209100E-11    0.0000000000E+00    1.5776586600E-12    7.3903779883E-12
     0.0000000000E+00    2.3276508113E-10    0.0000000000E+00    0.0000000000E+00
     1.5776586600E-12    0.0000000000E+00    9.0460260346E-11    3.0861215183E-12
     7.3903779883E-12    0.0000000000E+00    3.0861215183E-12    2.8463833945E-11

 The Neutral Axes (or Tension Center) of the Cross Section
 ========================================================

  Xt2 =    2.5870699761E-01
  Xt3 =   -8.6143619834E-03

 Timoshenko Stiffness Matrix (1-extension; 2,3-shear, 4-twist; 5,6-bending)
 ========================================================

     1.3168693746E+10    0.0000000000E+00    0.0000000000E+00    0.0000000000E+00   -1.1343989477E+08   -3.4068332214E+09
     0.0000000000E+00    1.4936561099E+09    3.7222951029E+07   -3.0963432116E+07    0.0000000000E+00    0.0000000000E+00
     0.0000000000E+00    3.7222951029E+07    8.2500606830E+08   -3.3448535912E+08    0.0000000000E+00    0.0000000000E+00
     0.0000000000E+00   -3.0963432116E+07   -3.3448535912E+08    4.4319575773E+09    0.0000000000E+00    0.0000000000E+00
    -1.1343989477E+08    0.0000000000E+00    0.0000000000E+00    0.0000000000E+00    1.1096596967E+10   -1.1736677162E+09
    -3.4068332214E+09    0.0000000000E+00    0.0000000000E+00    0.0000000000E+00   -1.1736677162E+09    3.6144107235E+10

 Timoshenko Flexibility Matrix (1-extension; 2,3-shear, 4-twist; 5,6-bending)
 ========================================================

     7.7863209100E-11    0.0000000000E+00    0.0000000000E+00    0.0000000000E+00    1.5776586600E-12    7.3903779883E-12
     0.0000000000E+00    6.7027810988E-10   -2.9237935101E-11    2.4762081632E-12    0.0000000000E+00    0.0000000000E+00
     0.0000000000E+00   -2.9237935101E-11    1.2516472970E-09    9.4259112709E-11    0.0000000000E+00    0.0000000000E+00
     0.0000000000E+00    2.4762081632E-12    9.4259112709E-11    2.3276508113E-10    0.0000000000E+00    0.0000000000E+00
     1.5776586600E-12    0.0000000000E+00    0.0000000000E+00    0.0000000000E+00    9.0460260346E-11    3.0861215183E-12
     7.3903779883E-12    0.0000000000E+00    0.0000000000E+00    0.0000000000E+00    3.0861215183E-12    2.8463833945E-11

 The Generalized Shear Center of the Cross Section in the User Coordinate System
 ========================================================

  Xs2 =   -4.0495383694E-01
  Xs3 =    1.0638228686E-02
