
 The 6X6 Mass Matrix
 ========================================================

     1.1547446253E+03    0.0000000000E+00    0.0000000000E+00    0.0000000000E+00    1.4585837621E+02   -3.7094114717E+02
     0.0000000000E+00    1.1547446253E+03    0.0000000000E+00   -1.4585837621E+02    0.0000000000E+00    0.0000000000E+00
     0.0000000000E+00    0.0000000000E+00    1.1547446253E+03    3.7094114717E+02    0.0000000000E+00    0.0000000000E+00
     0.0000000000E+00   -1.4585837621E+02    3.7094114717E+02    2.1903131779E+03    0.0000000000E+00    0.0000000000E+00
     1.4585837621E+02    0.0000000000E+00    0.0000000000E+00    0.0000000000E+00    3.1097235520E+02   -7.5549632694E+01
    -3.7094114717E+02    0.0000000000E+00    0.0000000000E+00    0.0000000000E+00   -7.5549632694E+01    1.8793408227E+03

 The Mass Center of the Cross Section
 ========================================================

  Xm2 =    3.2123219198E-01
  Xm3 =    1.2631223650E-01

 The 6X6 Mass Matrix at the Mass Center
 ========================================================

   1.154744625315E+03  0.000000000000E+00  0.000000000000E+00  0.000000000000E+00  0.000000000000E+00  0.000000000000E+00
   0.000000000000E+00  1.154744625315E+03  0.000000000000E+00  0.000000000000E+00  0.000000000000E+00  0.000000000000E+00
   0.000000000000E+00  0.000000000000E+00  1.154744625315E+03  0.000000000000E+00  0.000000000000E+00  0.000000000000E+00
   0.000000000000E+00  0.000000000000E+00  0.000000000000E+00  2.052731242380E+03  0.000000000000E+00  0.000000000000E+00
   0.000000000000E+00  0.000000000000E+00  0.000000000000E+00  0.000000000000E+00  2.925486574922E+02 -2.869522678339E+01
   0.000000000000E+00  0.000000000000E+00  0.000000000000E+00  0.000000000000E+00 -2.869522678339E+01  1.760182584888E+03

 The Mass Properties with respect to Principal Inertial Axes
 ========================================================

 Mass Per Unit Span                     =    1.1547446253E+03
 Mass Moments of Intertia about x1 axis =    2.0527312424E+03
 Mass Moments of Intertia about x2 axis =    2.9198782179E+02
 Mass Moments of Intertia about x3 axis =    1.7607434206E+03
 The Principal Inertial Axes Rotated from User Coordinate System by 
     1.1196784861E+00
 Degree about the positive direction of x1 axis.
 The mass-weighted radius of gyration   =    1.3332852402E+00

 The Geometric Center of the Cross Section
 ========================================================

  Xg2 =    3.4974575497E-01
  Xg3 =    1.2597142303E-01

 Classical Stiffness Matrix (1-extension; 2-twist; 3,4-bending)
 ========================================================

     1.8292560602E+10    0.0000000000E+00    2.3152090906E+09   -4.8716727993E+09
     0.0000000000E+00    1.1538174783E+09    0.0000000000E+00    0.0000000000E+00
     2.3152090906E+09    0.0000000000E+00    5.6994098547E+09   -8.4455161845E+08
    -4.8716727993E+09    0.0000000000E+00   -8.4455161845E+08    2.3007718026E+10

 Classical Flexibility Matrix (1-extension; 2-twist; 3,4-bending)
 ========================================================

     6.0768695923E-11    0.0000000000E+00   -2.2903290913E-11    1.2026494381E-11
     0.0000000000E+00    8.6668820571E-10    0.0000000000E+00    0.0000000000E+00
    -2.2903290913E-11    0.0000000000E+00    1.8504844497E-10    1.9430707682E-12
     1.2026494381E-11    0.0000000000E+00    1.9430707682E-12    4.6081500473E-11

 The Neutral Axes (or Tension Center) of the Cross Section
 ========================================================

  Xt2 =    2.6631989393E-01
  Xt3 =    1.2656560998E-01

 Timoshenko Stiffness Matrix (1-extension; 2,3-shear, 4-twist; 5,6-bending)
 ========================================================

     1.8292560602E+10    0.0000000000E+00    0.0000000000E+00    0.0000000000E+00    2.3152090906E+09   -4.8716727993E+09
     0.0000000000E+00    1.1242940416E+09    1.9676834148E+07   -2.0985779842E+08    0.0000000000E+00    0.0000000000E+00
     0.0000000000E+00    1.9676834148E+07    3.9830778094E+08    7.1593421779E+05    0.0000000000E+00    0.0000000000E+00
     0.0000000000E+00   -2.0985779842E+08    7.1593421779E+05    1.1930373880E+09    0.0000000000E+00    0.0000000000E+00
     2.3152090906E+09    0.0000000000E+00    0.0000000000E+00    0.0000000000E+00    5.6994098547E+09   -8.4455161845E+08
    -4.8716727993E+09    0.0000000000E+00    0.0000000000E+00    0.0000000000E+00   -8.4455161845E+08    2.3007718026E+10

 Timoshenko Flexibility Matrix (1-extension; 2,3-shear, 4-twist; 5,6-bending)
 ========================================================

     6.0768695923E-11    0.0000000000E+00    0.0000000000E+00    0.0000000000E+00   -2.2903290913E-11    1.2026494381E-11
     0.0000000000E+00    9.2047545755E-10   -4.5763560041E-11    1.6194104112E-10    0.0000000000E+00    0.0000000000E+00
     0.0000000000E+00   -4.5763560041E-11    2.5128992520E-09   -9.5578819512E-12    0.0000000000E+00    0.0000000000E+00
     0.0000000000E+00    1.6194104112E-10   -9.5578819512E-12    8.6668820571E-10    0.0000000000E+00    0.0000000000E+00
    -2.2903290913E-11    0.0000000000E+00    0.0000000000E+00    0.0000000000E+00    1.8504844497E-10    1.9430707682E-12
     1.2026494381E-11    0.0000000000E+00    0.0000000000E+00    0.0000000000E+00    1.9430707682E-12    4.6081500473E-11

 The Generalized Shear Center of the Cross Section in the User Coordinate System
 ========================================================

  Xs2 =    1.1028051251E-02
  Xs3 =    1.8685040371E-01
