
 The 6X6 Mass Matrix
 ========================================================

     1.1547449908E+03    0.0000000000E+00    0.0000000000E+00    0.0000000000E+00    1.4585834434E+02   -3.7094240419E+02
     0.0000000000E+00    1.1547449908E+03    0.0000000000E+00   -1.4585834434E+02    0.0000000000E+00    0.0000000000E+00
     0.0000000000E+00    0.0000000000E+00    1.1547449908E+03    3.7094240419E+02    0.0000000000E+00    0.0000000000E+00
     0.0000000000E+00   -1.4585834434E+02    3.7094240419E+02    2.1903175033E+03    0.0000000000E+00    0.0000000000E+00
     1.4585834434E+02    0.0000000000E+00    0.0000000000E+00    0.0000000000E+00    3.1097235889E+02   -7.5549519050E+01
    -3.7094240419E+02    0.0000000000E+00    0.0000000000E+00    0.0000000000E+00   -7.5549519050E+01    1.8793451444E+03

 The Mass Center of the Cross Section
 ========================================================

  Xm2 =    3.2123317888E-01
  Xm3 =    1.2631216893E-01

 The 6X6 Mass Matrix at the Mass Center
 ========================================================

   1.154744990777E+03  0.000000000000E+00  0.000000000000E+00  0.000000000000E+00  0.000000000000E+00  0.000000000000E+00
   0.000000000000E+00  1.154744990777E+03  0.000000000000E+00  0.000000000000E+00  0.000000000000E+00  0.000000000000E+00
   0.000000000000E+00  0.000000000000E+00  1.154744990777E+03  0.000000000000E+00  0.000000000000E+00  0.000000000000E+00
   0.000000000000E+00  0.000000000000E+00  0.000000000000E+00  2.052734811807E+03  0.000000000000E+00  0.000000000000E+00
   0.000000000000E+00  0.000000000000E+00  0.000000000000E+00  0.000000000000E+00  2.925486750601E+02 -2.869497943073E+01
   0.000000000000E+00  0.000000000000E+00  0.000000000000E+00  0.000000000000E+00 -2.869497943073E+01  1.760186136747E+03

 The Mass Properties with respect to Principal Inertial Axes
 ========================================================

 Mass Per Unit Span                     =    1.1547449908E+03
 Mass Moments of Intertia about x1 axis =    2.0527348118E+03
 Mass Moments of Intertia about x2 axis =    2.9198785037E+02
 Mass Moments of Intertia about x3 axis =    1.7607469614E+03
 The Principal Inertial Axes Rotated from User Coordinate System by 
     1.1196661507E+00
 Degree about the positive direction of x1 axis.
 The mass-weighted radius of gyration   =    1.3332861884E+00

 The Geometric Center of the Cross Section
 ========================================================

  Xg2 =    3.4974611873E-01
  Xg3 =    1.2597139066E-01

 Classical Stiffness Matrix (1-extension; 2-twist; 3,4-bending)
 ========================================================

     1.8292562518E+10    0.0000000000E+00    2.3152084247E+09   -4.8716793195E+09
     0.0000000000E+00    1.1538231050E+09    0.0000000000E+00    0.0000000000E+00
     2.3152084247E+09    0.0000000000E+00    5.6994098885E+09   -8.4454926721E+08
    -4.8716793195E+09    0.0000000000E+00   -8.4454926721E+08    2.3007740375E+10

 Classical Flexibility Matrix (1-extension; 2-twist; 3,4-bending)
 ========================================================

     6.0768694571E-11    0.0000000000E+00   -2.2903286941E-11    1.2026502121E-11
     0.0000000000E+00    8.6668397923E-10    0.0000000000E+00    0.0000000000E+00
    -2.2903286941E-11    0.0000000000E+00    1.8504843481E-10    1.9430439473E-12
     1.2026502121E-11    0.0000000000E+00    1.9430439473E-12    4.6081459575E-11

 The Neutral Axes (or Tension Center) of the Cross Section
 ========================================================

  Xt2 =    2.6632022249E-01
  Xt3 =    1.2656556032E-01

 Timoshenko Stiffness Matrix (1-extension; 2,3-shear, 4-twist; 5,6-bending)
 ========================================================

     1.8292562518E+10    0.0000000000E+00    0.0000000000E+00    0.0000000000E+00    2.3152084247E+09   -4.8716793195E+09
     0.0000000000E+00    1.1242931189E+09    1.9676784299E+07   -2.0985776352E+08    0.0000000000E+00    0.0000000000E+00
     0.0000000000E+00    1.9676784299E+07    3.9830802330E+08    7.1711284215E+05    0.0000000000E+00    0.0000000000E+00
     0.0000000000E+00   -2.0985776352E+08    7.1711284215E+05    1.1930430597E+09    0.0000000000E+00    0.0000000000E+00
     2.3152084247E+09    0.0000000000E+00    0.0000000000E+00    0.0000000000E+00    5.6994098885E+09   -8.4454926721E+08
    -4.8716793195E+09    0.0000000000E+00    0.0000000000E+00    0.0000000000E+00   -8.4454926721E+08    2.3007740375E+10

 Timoshenko Flexibility Matrix (1-extension; 2,3-shear, 4-twist; 5,6-bending)
 ========================================================

     6.0768694571E-11    0.0000000000E+00    0.0000000000E+00    0.0000000000E+00   -2.2903286941E-11    1.2026502121E-11
     0.0000000000E+00    9.2047609298E-10   -4.5763926431E-11    1.6194040155E-10    0.0000000000E+00    0.0000000000E+00
     0.0000000000E+00   -4.5763926431E-11    2.5128977681E-09   -9.5603812611E-12    0.0000000000E+00    0.0000000000E+00
     0.0000000000E+00    1.6194040155E-10   -9.5603812611E-12    8.6668397923E-10    0.0000000000E+00    0.0000000000E+00
    -2.2903286941E-11    0.0000000000E+00    0.0000000000E+00    0.0000000000E+00    1.8504843481E-10    1.9430439473E-12
     1.2026502121E-11    0.0000000000E+00    0.0000000000E+00    0.0000000000E+00    1.9430439473E-12    4.6081459575E-11

 The Generalized Shear Center of the Cross Section in the User Coordinate System
 ========================================================

  Xs2 =    1.1030988792E-02
  Xs3 =    1.8685057694E-01
