
 The 6X6 Mass Matrix
 ========================================================

     7.4672735535E+02    0.0000000000E+00    0.0000000000E+00    0.0000000000E+00    9.9256944737E+01   -4.8329061578E+02
     0.0000000000E+00    7.4672735535E+02    0.0000000000E+00   -9.9256944737E+01    0.0000000000E+00    0.0000000000E+00
     0.0000000000E+00    0.0000000000E+00    7.4672735535E+02    4.8329061578E+02    0.0000000000E+00    0.0000000000E+00
     0.0000000000E+00   -9.9256944737E+01    4.8329061578E+02    2.6338340310E+03    0.0000000000E+00    0.0000000000E+00
     9.9256944737E+01    0.0000000000E+00    0.0000000000E+00    0.0000000000E+00    2.1020330796E+02   -8.3276053449E+01
    -4.8329061578E+02    0.0000000000E+00    0.0000000000E+00    0.0000000000E+00   -8.3276053449E+01    2.4236307231E+03

 The Mass Center of the Cross Section
 ========================================================

  Xm2 =    6.4721161254E-01
  Xm3 =    1.3292260425E-01

 The 6X6 Mass Matrix at the Mass Center
 ========================================================

   7.467273553508E+02  0.000000000000E+00  0.000000000000E+00  0.000000000000E+00  0.000000000000E+00  0.000000000000E+00
   0.000000000000E+00  7.467273553508E+02  0.000000000000E+00  0.000000000000E+00  0.000000000000E+00  0.000000000000E+00
   0.000000000000E+00  0.000000000000E+00  7.467273553508E+02  0.000000000000E+00  0.000000000000E+00  0.000000000000E+00
   0.000000000000E+00  0.000000000000E+00  0.000000000000E+00  2.307849240677E+03  0.000000000000E+00  0.000000000000E+00
   0.000000000000E+00  0.000000000000E+00  0.000000000000E+00  0.000000000000E+00  1.970098163738E+02 -1.903580619030E+01
   0.000000000000E+00  0.000000000000E+00  0.000000000000E+00  0.000000000000E+00 -1.903580619030E+01  2.110839424303E+03

 The Mass Properties with respect to Principal Inertial Axes
 ========================================================

 Mass Per Unit Span                     =    7.4672735535E+02
 Mass Moments of Intertia about x1 axis =    2.3078492407E+03
 Mass Moments of Intertia about x2 axis =    1.9682049645E+02
 Mass Moments of Intertia about x3 axis =    2.1110287442E+03
 The Principal Inertial Axes Rotated from User Coordinate System by 
     5.6981432124E-01
 Degree about the positive direction of x1 axis.
 The mass-weighted radius of gyration   =    1.7580154479E+00

 The Geometric Center of the Cross Section
 ========================================================

  Xg2 =    5.7071242296E-01
  Xg3 =    1.3548749025E-01

 Classical Stiffness Matrix (1-extension; 2-twist; 3,4-bending)
 ========================================================

     1.0105782700E+10    0.0000000000E+00    1.3228739796E+09   -7.0249883938E+09
     0.0000000000E+00    9.0319347044E+08    0.0000000000E+00    0.0000000000E+00
     1.3228739796E+09    0.0000000000E+00    3.3799617856E+09   -9.4630809011E+08
    -7.0249883938E+09    0.0000000000E+00   -9.4630809011E+08    3.2244777233E+10

 Classical Flexibility Matrix (1-extension; 2-twist; 3,4-bending)
 ========================================================

     1.2190242993E-10    0.0000000000E+00   -4.0609070677E-11    2.5366416937E-11
     0.0000000000E+00    1.1071824949E-09    0.0000000000E+00    0.0000000000E+00
    -4.0609070677E-11    0.0000000000E+00    3.1184046193E-10    3.0451138435E-13
     2.5366416937E-11    0.0000000000E+00    3.0451138435E-13    3.6548149725E-11

 The Neutral Axes (or Tension Center) of the Cross Section
 ========================================================

  Xt2 =    6.9514540361E-01
  Xt3 =    1.3090267412E-01

 Timoshenko Stiffness Matrix (1-extension; 2,3-shear, 4-twist; 5,6-bending)
 ========================================================

     1.0105782700E+10    0.0000000000E+00    0.0000000000E+00    0.0000000000E+00    1.3228739796E+09   -7.0249883938E+09
     0.0000000000E+00    6.5097014092E+08    1.0055203504E+07   -1.4372255869E+08    0.0000000000E+00    0.0000000000E+00
     0.0000000000E+00    1.0055203504E+07    3.3188844341E+08    4.8379874240E+06    0.0000000000E+00    0.0000000000E+00
     0.0000000000E+00   -1.4372255869E+08    4.8379874240E+06    9.3507500647E+08    0.0000000000E+00    0.0000000000E+00
     1.3228739796E+09    0.0000000000E+00    0.0000000000E+00    0.0000000000E+00    3.3799617856E+09   -9.4630809011E+08
    -7.0249883938E+09    0.0000000000E+00    0.0000000000E+00    0.0000000000E+00   -9.4630809011E+08    3.2244777233E+10

 Timoshenko Flexibility Matrix (1-extension; 2,3-shear, 4-twist; 5,6-bending)
 ========================================================

     1.2190242993E-10    0.0000000000E+00    0.0000000000E+00    0.0000000000E+00   -4.0609070677E-11    2.5366416937E-11
     0.0000000000E+00    1.5910181147E-09   -5.1771607954E-11    2.4480994912E-10    0.0000000000E+00    0.0000000000E+00
     0.0000000000E+00   -5.1771607954E-11    3.0149725314E-09   -2.3556556427E-11    0.0000000000E+00    0.0000000000E+00
     0.0000000000E+00    2.4480994912E-10   -2.3556556427E-11    1.1071824949E-09    0.0000000000E+00    0.0000000000E+00
    -4.0609070677E-11    0.0000000000E+00    0.0000000000E+00    0.0000000000E+00    3.1184046193E-10    3.0451138435E-13
     2.5366416937E-11    0.0000000000E+00    0.0000000000E+00    0.0000000000E+00    3.0451138435E-13    3.6548149725E-11

 The Generalized Shear Center of the Cross Section in the User Coordinate System
 ========================================================

  Xs2 =    2.1276127951E-02
  Xs3 =    2.2111074755E-01
