
 The 6X6 Mass Matrix
 ========================================================

     7.1791666217E+02    0.0000000000E+00    0.0000000000E+00    0.0000000000E+00    1.0045567448E+02   -4.3851550721E+02
     0.0000000000E+00    7.1791666217E+02    0.0000000000E+00   -1.0045567448E+02    0.0000000000E+00    0.0000000000E+00
     0.0000000000E+00    0.0000000000E+00    7.1791666217E+02    4.3851550721E+02    0.0000000000E+00    0.0000000000E+00
     0.0000000000E+00   -1.0045567448E+02    4.3851550721E+02    2.4086923414E+03    0.0000000000E+00    0.0000000000E+00
     1.0045567448E+02    0.0000000000E+00    0.0000000000E+00    0.0000000000E+00    2.2027163140E+02   -8.2122666394E+01
    -4.3851550721E+02    0.0000000000E+00    0.0000000000E+00    0.0000000000E+00   -8.2122666394E+01    2.1884207100E+03

 The Mass Center of the Cross Section
 ========================================================

  Xm2 =    6.1081672890E-01
  Xm3 =    1.3992665134E-01

 The 6X6 Mass Matrix at the Mass Center
 ========================================================

   7.179166621653E+02  0.000000000000E+00  0.000000000000E+00  0.000000000000E+00  0.000000000000E+00  0.000000000000E+00
   0.000000000000E+00  7.179166621653E+02  0.000000000000E+00  0.000000000000E+00  0.000000000000E+00  0.000000000000E+00
   0.000000000000E+00  0.000000000000E+00  7.179166621653E+02  0.000000000000E+00  0.000000000000E+00  0.000000000000E+00
   0.000000000000E+00  0.000000000000E+00  0.000000000000E+00  2.126783307566E+03  0.000000000000E+00  0.000000000000E+00
   0.000000000000E+00  0.000000000000E+00  0.000000000000E+00  0.000000000000E+00  2.062152052602E+02 -2.076265991145E+01
   0.000000000000E+00  0.000000000000E+00  0.000000000000E+00  0.000000000000E+00 -2.076265991145E+01  1.920568102305E+03

 The Mass Properties with respect to Principal Inertial Axes
 ========================================================

 Mass Per Unit Span                     =    7.1791666217E+02
 Mass Moments of Intertia about x1 axis =    2.1267833076E+03
 Mass Moments of Intertia about x2 axis =    2.0596378396E+02
 Mass Moments of Intertia about x3 axis =    1.9208195236E+03
 The Principal Inertial Axes Rotated from User Coordinate System by 
     6.9377793490E-01
 Degree about the positive direction of x1 axis.
 The mass-weighted radius of gyration   =    1.7211733183E+00

 The Geometric Center of the Cross Section
 ========================================================

  Xg2 =    5.3637529939E-01
  Xg3 =    1.4252214673E-01

 Classical Stiffness Matrix (1-extension; 2-twist; 3,4-bending)
 ========================================================

     9.4234255605E+09    0.0000000000E+00    1.2998837350E+09   -6.1263164738E+09
     0.0000000000E+00    9.5255995090E+08    0.0000000000E+00    0.0000000000E+00
     1.2998837350E+09    0.0000000000E+00    3.4748150232E+09   -9.0191489810E+08
    -6.1263164738E+09    0.0000000000E+00   -9.0191489810E+08    2.7957481574E+10

 Classical Flexibility Matrix (1-extension; 2-twist; 3,4-bending)
 ========================================================

     1.2939338176E-10    0.0000000000E+00   -4.1391508785E-11    2.7018642071E-11
     0.0000000000E+00    1.0498026912E-09    0.0000000000E+00    0.0000000000E+00
    -4.1391508785E-11    0.0000000000E+00    3.0345587343E-10    7.1944573987E-13
     2.7018642071E-11    0.0000000000E+00    7.1944573987E-13    4.1712399157E-11

 The Neutral Axes (or Tension Center) of the Cross Section
 ========================================================

  Xt2 =    6.5011565428E-01
  Xt3 =    1.3794174174E-01

 Timoshenko Stiffness Matrix (1-extension; 2,3-shear, 4-twist; 5,6-bending)
 ========================================================

     9.4234255605E+09    0.0000000000E+00    0.0000000000E+00    0.0000000000E+00    1.2998837350E+09   -6.1263164738E+09
     0.0000000000E+00    6.4151769687E+08    1.0468551274E+07   -1.4678794794E+08    0.0000000000E+00    0.0000000000E+00
     0.0000000000E+00    1.0468551274E+07    3.5348714602E+08    5.3132127854E+06    0.0000000000E+00    0.0000000000E+00
     0.0000000000E+00   -1.4678794794E+08    5.3132127854E+06    9.8631520706E+08    0.0000000000E+00    0.0000000000E+00
     1.2998837350E+09    0.0000000000E+00    0.0000000000E+00    0.0000000000E+00    3.4748150232E+09   -9.0191489810E+08
    -6.1263164738E+09    0.0000000000E+00    0.0000000000E+00    0.0000000000E+00   -9.0191489810E+08    2.7957481574E+10

 Timoshenko Flexibility Matrix (1-extension; 2,3-shear, 4-twist; 5,6-bending)
 ========================================================

     1.2939338176E-10    0.0000000000E+00    0.0000000000E+00    0.0000000000E+00   -4.1391508785E-11    2.7018642071E-11
     0.0000000000E+00    1.6146914143E-09   -5.1435385861E-11    2.4058285294E-10    0.0000000000E+00    0.0000000000E+00
     0.0000000000E+00   -5.1435385861E-11    2.8308247151E-09   -2.2904309545E-11    0.0000000000E+00    0.0000000000E+00
     0.0000000000E+00    2.4058285294E-10   -2.2904309545E-11    1.0498026912E-09    0.0000000000E+00    0.0000000000E+00
    -4.1391508785E-11    0.0000000000E+00    0.0000000000E+00    0.0000000000E+00    3.0345587343E-10    7.1944573987E-13
     2.7018642071E-11    0.0000000000E+00    0.0000000000E+00    0.0000000000E+00    7.1944573987E-13    4.1712399157E-11

 The Generalized Shear Center of the Cross Section in the User Coordinate System
 ========================================================

  Xs2 =    2.1817727976E-02
  Xs3 =    2.2916959058E-01
