
 The 6X6 Mass Matrix
 ========================================================

     9.5089777283E+02    0.0000000000E+00    0.0000000000E+00    0.0000000000E+00    5.8611359864E+01   -7.2773706139E+02
     0.0000000000E+00    9.5089777283E+02    0.0000000000E+00   -5.8611359864E+01    0.0000000000E+00    0.0000000000E+00
     0.0000000000E+00    0.0000000000E+00    9.5089777283E+02    7.2773706139E+02    0.0000000000E+00    0.0000000000E+00
     0.0000000000E+00   -5.8611359864E+01    7.2773706139E+02    4.3505721792E+03    0.0000000000E+00    0.0000000000E+00
     5.8611359864E+01    0.0000000000E+00    0.0000000000E+00    0.0000000000E+00    4.1927969789E+02   -1.2343713235E+02
    -7.2773706139E+02    0.0000000000E+00    0.0000000000E+00    0.0000000000E+00   -1.2343713235E+02    3.9312924813E+03

 The Mass Center of the Cross Section
 ========================================================

  Xm2 =    7.6531577019E-01
  Xm3 =    6.1637918963E-02

 The 6X6 Mass Matrix at the Mass Center
 ========================================================

   9.508977728340E+02  0.000000000000E+00  0.000000000000E+00  0.000000000000E+00  0.000000000000E+00  0.000000000000E+00
   0.000000000000E+00  9.508977728340E+02  0.000000000000E+00  0.000000000000E+00  0.000000000000E+00  0.000000000000E+00
   0.000000000000E+00  0.000000000000E+00  9.508977728340E+02  0.000000000000E+00  0.000000000000E+00  0.000000000000E+00
   0.000000000000E+00  0.000000000000E+00  0.000000000000E+00  3.790010847290E+03  0.000000000000E+00  0.000000000000E+00
   0.000000000000E+00  0.000000000000E+00  0.000000000000E+00  0.000000000000E+00  4.156670156385E+02 -7.858093433164E+01
   0.000000000000E+00  0.000000000000E+00  0.000000000000E+00  0.000000000000E+00 -7.858093433164E+01  3.374343831652E+03

 The Mass Properties with respect to Principal Inertial Axes
 ========================================================

 Mass Per Unit Span                     =    9.5089777283E+02
 Mass Moments of Intertia about x1 axis =    3.7900108473E+03
 Mass Moments of Intertia about x2 axis =    4.1358141660E+02
 Mass Moments of Intertia about x3 axis =    3.3764294307E+03
 The Principal Inertial Axes Rotated from User Coordinate System by 
     1.5203175840E+00
 Degree about the positive direction of x1 axis.
 The mass-weighted radius of gyration   =    1.9964264331E+00

 The Geometric Center of the Cross Section
 ========================================================

  Xg2 =    6.4920626400E-01
  Xg3 =    6.9414457296E-02

 Classical Stiffness Matrix (1-extension; 2-twist; 3,4-bending)
 ========================================================

     1.3441963102E+10    0.0000000000E+00    7.4969998905E+08   -1.1985267243E+10
     0.0000000000E+00    1.6211622377E+09    0.0000000000E+00    0.0000000000E+00
     7.4969998905E+08    0.0000000000E+00    6.9364199752E+09   -1.5776622159E+09
    -1.1985267243E+10    0.0000000000E+00   -1.5776622159E+09    5.8280424703E+10

 Classical Flexibility Matrix (1-extension; 2-twist; 3,4-bending)
 ========================================================

     9.1316021340E-11    0.0000000000E+00   -5.6330655049E-12    1.8626491661E-11
     0.0000000000E+00    6.1684140965E-10    0.0000000000E+00    0.0000000000E+00
    -5.6330655049E-12    0.0000000000E+00    1.4540721251E-10    2.7777709316E-12
     1.8626491661E-11    0.0000000000E+00    2.7777709316E-12    2.1064120086E-11

 The Neutral Axes (or Tension Center) of the Cross Section
 ========================================================

  Xt2 =    8.9163072029E-01
  Xt3 =    5.5773102734E-02

 Timoshenko Stiffness Matrix (1-extension; 2,3-shear, 4-twist; 5,6-bending)
 ========================================================

     1.3441963102E+10    0.0000000000E+00    0.0000000000E+00    0.0000000000E+00    7.4969998905E+08   -1.1985267243E+10
     0.0000000000E+00    6.8590025633E+08    1.1588296146E+07   -9.7392494830E+07    0.0000000000E+00    0.0000000000E+00
     0.0000000000E+00    1.1588296146E+07    4.6964666882E+08   -4.4643870610E+06    0.0000000000E+00    0.0000000000E+00
     0.0000000000E+00   -9.7392494830E+07   -4.4643870610E+06    1.6350081406E+09    0.0000000000E+00    0.0000000000E+00
     7.4969998905E+08    0.0000000000E+00    0.0000000000E+00    0.0000000000E+00    6.9364199752E+09   -1.5776622159E+09
    -1.1985267243E+10    0.0000000000E+00    0.0000000000E+00    0.0000000000E+00   -1.5776622159E+09    5.8280424703E+10

 Timoshenko Flexibility Matrix (1-extension; 2,3-shear, 4-twist; 5,6-bending)
 ========================================================

     9.1316021340E-11    0.0000000000E+00    0.0000000000E+00    0.0000000000E+00   -5.6330655049E-12    1.8626491661E-11
     0.0000000000E+00    1.4709648239E-09   -3.5463329470E-11    8.7524097543E-11    0.0000000000E+00    0.0000000000E+00
     0.0000000000E+00   -3.5463329470E-11    2.1301705346E-09    3.7039837844E-12    0.0000000000E+00    0.0000000000E+00
     0.0000000000E+00    8.7524097543E-11    3.7039837844E-12    6.1684140965E-10    0.0000000000E+00    0.0000000000E+00
    -5.6330655049E-12    0.0000000000E+00    0.0000000000E+00    0.0000000000E+00    1.4540721251E-10    2.7777709316E-12
     1.8626491661E-11    0.0000000000E+00    0.0000000000E+00    0.0000000000E+00    2.7777709316E-12    2.1064120086E-11

 The Generalized Shear Center of the Cross Section in the User Coordinate System
 ========================================================

  Xs2 =   -6.0047586405E-03
  Xs3 =    1.4189076183E-01
