
 The 6X6 Mass Matrix
 ========================================================

     2.9297115262E+03    0.0000000000E+00    0.0000000000E+00    0.0000000000E+00    1.6206813669E-11   -1.9280037589E+02
     0.0000000000E+00    2.9297115262E+03    0.0000000000E+00   -1.6206813669E-11    0.0000000000E+00    0.0000000000E+00
     0.0000000000E+00    0.0000000000E+00    2.9297115262E+03    1.9280037589E+02    0.0000000000E+00    0.0000000000E+00
     0.0000000000E+00   -1.6206813669E-11    1.9280037589E+02    1.9515350116E+04    0.0000000000E+00    0.0000000000E+00
     1.6206813669E-11    0.0000000000E+00    0.0000000000E+00    0.0000000000E+00    9.7039686867E+03   -7.9918294205E-12
    -1.9280037589E+02    0.0000000000E+00    0.0000000000E+00    0.0000000000E+00   -7.9918294205E-12    9.8113814296E+03

 The Mass Center of the Cross Section
 ========================================================

  Xm2 =    6.5808655275E-02
  Xm3 =    5.5318803656E-15

 The 6X6 Mass Matrix at the Mass Center
 ========================================================

   2.929711526237E+03  0.000000000000E+00  0.000000000000E+00  0.000000000000E+00  0.000000000000E+00  0.000000000000E+00
   0.000000000000E+00  2.929711526237E+03  0.000000000000E+00  0.000000000000E+00  0.000000000000E+00  0.000000000000E+00
   0.000000000000E+00  0.000000000000E+00  2.929711526237E+03  0.000000000000E+00  0.000000000000E+00  0.000000000000E+00
   0.000000000000E+00  0.000000000000E+00  0.000000000000E+00  1.950266218285E+04  0.000000000000E+00  0.000000000000E+00
   0.000000000000E+00  0.000000000000E+00  0.000000000000E+00  0.000000000000E+00  9.703968686689E+03 -6.925280806621E-12
   0.000000000000E+00  0.000000000000E+00  0.000000000000E+00  0.000000000000E+00 -6.925280806621E-12  9.798693496158E+03

 The Mass Properties with respect to Principal Inertial Axes
 ========================================================

 Mass Per Unit Span                     =    2.9297115262E+03
 Mass Moments of Intertia about x1 axis =    1.9502662183E+04
 Mass Moments of Intertia about x2 axis =    9.7039686867E+03
 Mass Moments of Intertia about x3 axis =    9.7986934962E+03
 The user coordinate axes are the principal inertial axes.
 The mass-weighted radius of gyration   =    2.5800880022E+00

 The Geometric Center of the Cross Section
 ========================================================

  Xg2 =   -1.0520119029E-02
  Xg3 =    4.6527732140E-15

 Classical Stiffness Matrix (1-extension; 2-twist; 3,4-bending)
 ========================================================

     3.9065883703E+10    0.0000000000E+00    8.2477999668E+02   -4.5943280516E+09
     0.0000000000E+00    6.5055922660E+10    0.0000000000E+00    0.0000000000E+00
     8.2477999668E+02    0.0000000000E+00    1.3514570117E+11    1.2197726075E+03
    -4.5943280516E+09    0.0000000000E+00    1.2197726075E+03    1.4141274786E+11

 Classical Flexibility Matrix (1-extension; 2-twist; 3,4-bending)
 ========================================================

     2.5695962570E-11    0.0000000000E+00   -1.6435461257E-19    8.3483054700E-13
     0.0000000000E+00    1.5371390630E-11    0.0000000000E+00    0.0000000000E+00
    -1.6435461257E-19    0.0000000000E+00    7.3994214492E-12   -6.9164277974E-20
     8.3483054700E-13    0.0000000000E+00   -6.9164277974E-20    7.0986208852E-12

 The Neutral Axes (or Tension Center) of the Cross Section
 ========================================================

  Xt2 =    1.1760461088E-01
  Xt3 =    2.1112539088E-08

 Timoshenko Stiffness Matrix (1-extension; 2,3-shear, 4-twist; 5,6-bending)
 ========================================================

     3.9065883703E+10    0.0000000000E+00    0.0000000000E+00    0.0000000000E+00    8.2477999668E+02   -4.5943280516E+09
     0.0000000000E+00    4.4616638496E+09    6.1330051124E+02    2.7970094933E+01    0.0000000000E+00    0.0000000000E+00
     0.0000000000E+00    6.1330051124E+02    5.5908718180E+09    2.9921203727E+08    0.0000000000E+00    0.0000000000E+00
     0.0000000000E+00    2.7970094933E+01    2.9921203727E+08    6.5071935877E+10    0.0000000000E+00    0.0000000000E+00
     8.2477999668E+02    0.0000000000E+00    0.0000000000E+00    0.0000000000E+00    1.3514570117E+11    1.2197726075E+03
    -4.5943280516E+09    0.0000000000E+00    0.0000000000E+00    0.0000000000E+00    1.2197726075E+03    1.4141274786E+11

 Timoshenko Flexibility Matrix (1-extension; 2,3-shear, 4-twist; 5,6-bending)
 ========================================================

     2.5695962570E-11    0.0000000000E+00    0.0000000000E+00    0.0000000000E+00   -1.6435461257E-19    8.3483054700E-13
     0.0000000000E+00    2.2413163199E-10   -2.4587408038E-17    1.6717889387E-20    0.0000000000E+00    0.0000000000E+00
     0.0000000000E+00   -2.4587408038E-17    1.7890700735E-10   -8.2264542201E-13    0.0000000000E+00    0.0000000000E+00
     0.0000000000E+00    1.6717889387E-20   -8.2264542201E-13    1.5371390630E-11    0.0000000000E+00    0.0000000000E+00
    -1.6435461257E-19    0.0000000000E+00    0.0000000000E+00    0.0000000000E+00    7.3994214492E-12   -6.9164277974E-20
     8.3483054700E-13    0.0000000000E+00    0.0000000000E+00    0.0000000000E+00   -6.9164277974E-20    7.0986208852E-12

 The Generalized Shear Center of the Cross Section in the User Coordinate System
 ========================================================

  Xs2 =    5.3517956951E-02
  Xs3 =    1.0875977190E-09
