
 The 6X6 Mass Matrix
 ========================================================

     7.5482214676E+02    0.0000000000E+00    0.0000000000E+00    0.0000000000E+00    1.0708903761E+02   -1.7789457678E+02
     0.0000000000E+00    7.5482214676E+02    0.0000000000E+00   -1.0708903761E+02    0.0000000000E+00    0.0000000000E+00
     0.0000000000E+00    0.0000000000E+00    7.5482214676E+02    1.7789457678E+02    0.0000000000E+00    0.0000000000E+00
     0.0000000000E+00   -1.0708903761E+02    1.7789457678E+02    9.7359639600E+02    0.0000000000E+00    0.0000000000E+00
     1.0708903761E+02    0.0000000000E+00    0.0000000000E+00    0.0000000000E+00    1.0058744815E+02   -2.6296063410E+01
    -1.7789457678E+02    0.0000000000E+00    0.0000000000E+00    0.0000000000E+00   -2.6296063410E+01    8.7300894785E+02

 The Mass Center of the Cross Section
 ========================================================

  Xm2 =    2.3567747388E-01
  Xm3 =    1.4187320559E-01

 The 6X6 Mass Matrix at the Mass Center
 ========================================================

   7.548221467632E+02  0.000000000000E+00  0.000000000000E+00  0.000000000000E+00  0.000000000000E+00  0.000000000000E+00
   0.000000000000E+00  7.548221467632E+02  0.000000000000E+00  0.000000000000E+00  0.000000000000E+00  0.000000000000E+00
   0.000000000000E+00  0.000000000000E+00  7.548221467632E+02  0.000000000000E+00  0.000000000000E+00  0.000000000000E+00
   0.000000000000E+00  0.000000000000E+00  0.000000000000E+00  9.164775864779E+02  0.000000000000E+00  0.000000000000E+00
   0.000000000000E+00  0.000000000000E+00  0.000000000000E+00  0.000000000000E+00  8.539438309844E+01 -1.057589545984E+00
   0.000000000000E+00  0.000000000000E+00  0.000000000000E+00  0.000000000000E+00 -1.057589545984E+00  8.310832033795E+02

 The Mass Properties with respect to Principal Inertial Axes
 ========================================================

 Mass Per Unit Span                     =    7.5482214676E+02
 Mass Moments of Intertia about x1 axis =    9.1647758648E+02
 Mass Moments of Intertia about x2 axis =    8.5392883152E+01
 Mass Moments of Intertia about x3 axis =    8.3108470333E+02
 The Principal Inertial Axes Rotated from User Coordinate System by 
     8.1260779668E-02
 Degree about the positive direction of x1 axis.
 The mass-weighted radius of gyration   =    1.1018909270E+00

 The Geometric Center of the Cross Section
 ========================================================

  Xg2 =    2.2716582382E-01
  Xg3 =    1.3523156680E-01

 Classical Stiffness Matrix (1-extension; 2-twist; 3,4-bending)
 ========================================================

     1.1873966706E+10    0.0000000000E+00    1.7372331463E+09   -2.3720503372E+09
     0.0000000000E+00    4.1521155293E+08    0.0000000000E+00    0.0000000000E+00
     1.7372331463E+09    0.0000000000E+00    1.8097298999E+09   -3.1050527342E+08
    -2.3720503372E+09    0.0000000000E+00   -3.1050527342E+08    1.0629481704E+10

 Classical Flexibility Matrix (1-extension; 2-twist; 3,4-bending)
 ========================================================

     1.0204477355E-10    0.0000000000E+00   -9.4523541501E-11    2.0010879866E-11
     0.0000000000E+00    2.4084108280E-09    0.0000000000E+00    0.0000000000E+00
    -9.4523541501E-11    0.0000000000E+00    6.4290874058E-10   -2.3131931453E-12
     2.0010879866E-11    0.0000000000E+00   -2.3131931453E-12    9.8475973221E-11

 The Neutral Axes (or Tension Center) of the Cross Section
 ========================================================

  Xt2 =    1.9976899008E-01
  Xt3 =    1.4630604829E-01

 Timoshenko Stiffness Matrix (1-extension; 2,3-shear, 4-twist; 5,6-bending)
 ========================================================

     1.1873966706E+10    0.0000000000E+00    0.0000000000E+00    0.0000000000E+00    1.7372331463E+09   -2.3720503372E+09
     0.0000000000E+00    9.7212371787E+08    5.3966309410E+06   -1.8666524387E+08    0.0000000000E+00    0.0000000000E+00
     0.0000000000E+00    5.3966309410E+06    2.0477341972E+08   -8.7433637806E+06    0.0000000000E+00    0.0000000000E+00
     0.0000000000E+00   -1.8666524387E+08   -8.7433637806E+06    4.5134475536E+08    0.0000000000E+00    0.0000000000E+00
     1.7372331463E+09    0.0000000000E+00    0.0000000000E+00    0.0000000000E+00    1.8097298999E+09   -3.1050527342E+08
    -2.3720503372E+09    0.0000000000E+00    0.0000000000E+00    0.0000000000E+00   -3.1050527342E+08    1.0629481704E+10

 Timoshenko Flexibility Matrix (1-extension; 2,3-shear, 4-twist; 5,6-bending)
 ========================================================

     1.0204477355E-10    0.0000000000E+00    0.0000000000E+00    0.0000000000E+00   -9.4523541501E-11    2.0010879866E-11
     0.0000000000E+00    1.1174332946E-09   -9.7245781669E-12    4.6195492569E-10    0.0000000000E+00    0.0000000000E+00
     0.0000000000E+00   -9.7245781669E-12    4.8875735358E-09    9.0659284698E-11    0.0000000000E+00    0.0000000000E+00
     0.0000000000E+00    4.6195492569E-10    9.0659284698E-11    2.4084108280E-09    0.0000000000E+00    0.0000000000E+00
    -9.4523541501E-11    0.0000000000E+00    0.0000000000E+00    0.0000000000E+00    6.4290874058E-10   -2.3131931453E-12
     2.0010879866E-11    0.0000000000E+00    0.0000000000E+00    0.0000000000E+00   -2.3131931453E-12    9.8475973221E-11

 The Generalized Shear Center of the Cross Section in the User Coordinate System
 ========================================================

  Xs2 =   -3.7642782387E-02
  Xs3 =    1.9180902208E-01
