
 The 6X6 Mass Matrix
 ========================================================

     7.9481258271E+02    0.0000000000E+00    0.0000000000E+00    0.0000000000E+00    1.1836520439E+02   -1.8715013033E+02
     0.0000000000E+00    7.9481258271E+02    0.0000000000E+00   -1.1836520439E+02    0.0000000000E+00    0.0000000000E+00
     0.0000000000E+00    0.0000000000E+00    7.9481258271E+02    1.8715013033E+02    0.0000000000E+00    0.0000000000E+00
     0.0000000000E+00   -1.1836520439E+02    1.8715013033E+02    1.0588283838E+03    0.0000000000E+00    0.0000000000E+00
     1.1836520439E+02    0.0000000000E+00    0.0000000000E+00    0.0000000000E+00    1.1670196142E+02   -2.9085071175E+01
    -1.8715013033E+02    0.0000000000E+00    0.0000000000E+00    0.0000000000E+00   -2.9085071175E+01    9.4212642242E+02

 The Mass Center of the Cross Section
 ========================================================

  Xm2 =    2.3546447854E-01
  Xm3 =    1.4892215720E-01

 The 6X6 Mass Matrix at the Mass Center
 ========================================================

   7.948125827148E+02  0.000000000000E+00  0.000000000000E+00  0.000000000000E+00  0.000000000000E+00  0.000000000000E+00
   0.000000000000E+00  7.948125827148E+02  0.000000000000E+00  0.000000000000E+00  0.000000000000E+00  0.000000000000E+00
   0.000000000000E+00  0.000000000000E+00  7.948125827148E+02  0.000000000000E+00  0.000000000000E+00  0.000000000000E+00
   0.000000000000E+00  0.000000000000E+00  0.000000000000E+00  9.971339744147E+02  0.000000000000E+00  0.000000000000E+00
   0.000000000000E+00  0.000000000000E+00  0.000000000000E+00  0.000000000000E+00  9.907475984220E+01 -1.214270046706E+00
   0.000000000000E+00  0.000000000000E+00  0.000000000000E+00  0.000000000000E+00 -1.214270046706E+00  8.980592145725E+02

 The Mass Properties with respect to Principal Inertial Axes
 ========================================================

 Mass Per Unit Span                     =    7.9481258271E+02
 Mass Moments of Intertia about x1 axis =    9.9713397441E+02
 Mass Moments of Intertia about x2 axis =    9.9072914439E+01
 Mass Moments of Intertia about x3 axis =    8.9806105998E+02
 The Principal Inertial Axes Rotated from User Coordinate System by 
     8.7075955234E-02
 Degree about the positive direction of x1 axis.
 The mass-weighted radius of gyration   =    1.1200680006E+00

 The Geometric Center of the Cross Section
 ========================================================

  Xg2 =    2.3007679358E-01
  Xg3 =    1.4172888524E-01

 Classical Stiffness Matrix (1-extension; 2-twist; 3,4-bending)
 ========================================================

     1.2482504693E+10    0.0000000000E+00    1.9180670894E+09   -2.4690600057E+09
     0.0000000000E+00    4.6587036215E+08    0.0000000000E+00    0.0000000000E+00
     1.9180670894E+09    0.0000000000E+00    2.1007693784E+09   -3.3766492582E+08
    -2.4690600057E+09    0.0000000000E+00   -3.3766492582E+08    1.1317229522E+10

 Classical Flexibility Matrix (1-extension; 2-twist; 3,4-bending)
 ========================================================

     9.6930076136E-11    0.0000000000E+00   -8.5511178871E-11    1.8595721510E-11
     0.0000000000E+00    2.1465198932E-09    0.0000000000E+00    0.0000000000E+00
    -8.5511178871E-11    0.0000000000E+00    5.5374740673E-10   -2.1340165208E-12
     1.8595721510E-11    0.0000000000E+00   -2.1340165208E-12    9.2354172695E-11

 The Neutral Axes (or Tension Center) of the Cross Section
 ========================================================

  Xt2 =    1.9780164851E-01
  Xt3 =    1.5366043407E-01

 Timoshenko Stiffness Matrix (1-extension; 2,3-shear, 4-twist; 5,6-bending)
 ========================================================

     1.2482504693E+10    0.0000000000E+00    0.0000000000E+00    0.0000000000E+00    1.9180670894E+09   -2.4690600057E+09
     0.0000000000E+00    1.0017069938E+09    5.5039164054E+06   -2.0154717925E+08    0.0000000000E+00    0.0000000000E+00
     0.0000000000E+00    5.5039164054E+06    2.2079747056E+08   -1.0002062914E+07    0.0000000000E+00    0.0000000000E+00
     0.0000000000E+00   -2.0154717925E+08   -1.0002062914E+07    5.0678076885E+08    0.0000000000E+00    0.0000000000E+00
     1.9180670894E+09    0.0000000000E+00    0.0000000000E+00    0.0000000000E+00    2.1007693784E+09   -3.3766492582E+08
    -2.4690600057E+09    0.0000000000E+00    0.0000000000E+00    0.0000000000E+00   -3.3766492582E+08    1.1317229522E+10

 Timoshenko Flexibility Matrix (1-extension; 2,3-shear, 4-twist; 5,6-bending)
 ========================================================

     9.6930076136E-11    0.0000000000E+00    0.0000000000E+00    0.0000000000E+00   -8.5511178871E-11    1.8595721510E-11
     0.0000000000E+00    1.0851389878E-09   -7.5068710373E-12    4.3141261731E-10    0.0000000000E+00    0.0000000000E+00
     0.0000000000E+00   -7.5068710373E-12    4.5331421613E-09    8.6482730020E-11    0.0000000000E+00    0.0000000000E+00
     0.0000000000E+00    4.3141261731E-10    8.6482730020E-11    2.1465198932E-09    0.0000000000E+00    0.0000000000E+00
    -8.5511178871E-11    0.0000000000E+00    0.0000000000E+00    0.0000000000E+00    5.5374740673E-10   -2.1340165208E-12
     1.8595721510E-11    0.0000000000E+00    0.0000000000E+00    0.0000000000E+00   -2.1340165208E-12    9.2354172695E-11

 The Generalized Shear Center of the Cross Section in the User Coordinate System
 ========================================================

  Xs2 =   -4.0289740754E-02
  Xs3 =    2.0098235226E-01
