
 The 6X6 Mass Matrix
 ========================================================

     7.9481258271E+02    0.0000000000E+00    0.0000000000E+00    0.0000000000E+00    1.1836520439E+02   -1.8715013033E+02
     0.0000000000E+00    7.9481258271E+02    0.0000000000E+00   -1.1836520439E+02    0.0000000000E+00    0.0000000000E+00
     0.0000000000E+00    0.0000000000E+00    7.9481258271E+02    1.8715013033E+02    0.0000000000E+00    0.0000000000E+00
     0.0000000000E+00   -1.1836520439E+02    1.8715013033E+02    1.0588283838E+03    0.0000000000E+00    0.0000000000E+00
     1.1836520439E+02    0.0000000000E+00    0.0000000000E+00    0.0000000000E+00    1.1670196142E+02   -2.9085071175E+01
    -1.8715013033E+02    0.0000000000E+00    0.0000000000E+00    0.0000000000E+00   -2.9085071175E+01    9.4212642242E+02

 The Mass Center of the Cross Section
 ========================================================

  Xm2 =    2.3546447854E-01
  Xm3 =    1.4892215720E-01

 The 6X6 Mass Matrix at the Mass Center
 ========================================================

   7.948125827148E+02  0.000000000000E+00  0.000000000000E+00  0.000000000000E+00  0.000000000000E+00  0.000000000000E+00
   0.000000000000E+00  7.948125827148E+02  0.000000000000E+00  0.000000000000E+00  0.000000000000E+00  0.000000000000E+00
   0.000000000000E+00  0.000000000000E+00  7.948125827148E+02  0.000000000000E+00  0.000000000000E+00  0.000000000000E+00
   0.000000000000E+00  0.000000000000E+00  0.000000000000E+00  9.971339744147E+02  0.000000000000E+00  0.000000000000E+00
   0.000000000000E+00  0.000000000000E+00  0.000000000000E+00  0.000000000000E+00  9.907475984220E+01 -1.214270046705E+00
   0.000000000000E+00  0.000000000000E+00  0.000000000000E+00  0.000000000000E+00 -1.214270046705E+00  8.980592145725E+02

 The Mass Properties with respect to Principal Inertial Axes
 ========================================================

 Mass Per Unit Span                     =    7.9481258271E+02
 Mass Moments of Intertia about x1 axis =    9.9713397441E+02
 Mass Moments of Intertia about x2 axis =    9.9072914439E+01
 Mass Moments of Intertia about x3 axis =    8.9806105998E+02
 The Principal Inertial Axes Rotated from User Coordinate System by 
     8.7075955234E-02
 Degree about the positive direction of x1 axis.
 The mass-weighted radius of gyration   =    1.1200680006E+00

 The Geometric Center of the Cross Section
 ========================================================

  Xg2 =    2.3007679358E-01
  Xg3 =    1.4172888524E-01

 Classical Stiffness Matrix (1-extension; 2-twist; 3,4-bending)
 ========================================================

     1.2482499760E+10    0.0000000000E+00    1.9180662583E+09   -2.4690526738E+09
     0.0000000000E+00    4.6500045108E+08    0.0000000000E+00    0.0000000000E+00
     1.9180662583E+09    0.0000000000E+00    2.1007682283E+09   -3.3766380952E+08
    -2.4690526738E+09    0.0000000000E+00   -3.3766380952E+08    1.1317215831E+10

 Classical Flexibility Matrix (1-extension; 2-twist; 3,4-bending)
 ========================================================

     9.6930098969E-11    0.0000000000E+00   -8.5511222597E-11    1.8595693322E-11
     0.0000000000E+00    2.1505355482E-09    0.0000000000E+00    0.0000000000E+00
    -8.5511222597E-11    0.0000000000E+00    5.5374771677E-10   -2.1340186133E-12
     1.8595693322E-11    0.0000000000E+00   -2.1340186133E-12    9.2354266375E-11

 The Neutral Axes (or Tension Center) of the Cross Section
 ========================================================

  Xt2 =    1.9780113930E-01
  Xt3 =    1.5366042822E-01

 Timoshenko Stiffness Matrix (1-extension; 2,3-shear, 4-twist; 5,6-bending)
 ========================================================

     1.2482499760E+10    0.0000000000E+00    0.0000000000E+00    0.0000000000E+00    1.9180662583E+09   -2.4690526738E+09
     0.0000000000E+00    9.9495542615E+08    5.7210071113E+06   -2.0012267253E+08    0.0000000000E+00    0.0000000000E+00
     0.0000000000E+00    5.7210071113E+06    2.2069425177E+08   -1.0334252964E+07    0.0000000000E+00    0.0000000000E+00
     0.0000000000E+00   -2.0012267253E+08   -1.0334252964E+07    5.0563479333E+08    0.0000000000E+00    0.0000000000E+00
     1.9180662583E+09    0.0000000000E+00    0.0000000000E+00    0.0000000000E+00    2.1007682283E+09   -3.3766380952E+08
    -2.4690526738E+09    0.0000000000E+00    0.0000000000E+00    0.0000000000E+00   -3.3766380952E+08    1.1317215831E+10

 Timoshenko Flexibility Matrix (1-extension; 2,3-shear, 4-twist; 5,6-bending)
 ========================================================

     9.6930098969E-11    0.0000000000E+00    0.0000000000E+00    0.0000000000E+00   -8.5511222597E-11    1.8595693322E-11
     0.0000000000E+00    1.0920156299E-09   -8.0774001275E-12    4.3203833139E-10    0.0000000000E+00    0.0000000000E+00
     0.0000000000E+00   -8.0774001275E-12    4.5355560227E-09    8.9501578942E-11    0.0000000000E+00    0.0000000000E+00
     0.0000000000E+00    4.3203833139E-10    8.9501578942E-11    2.1505355482E-09    0.0000000000E+00    0.0000000000E+00
    -8.5511222597E-11    0.0000000000E+00    0.0000000000E+00    0.0000000000E+00    5.5374771677E-10   -2.1340186133E-12
     1.8595693322E-11    0.0000000000E+00    0.0000000000E+00    0.0000000000E+00   -2.1340186133E-12    9.2354266375E-11

 The Generalized Shear Center of the Cross Section in the User Coordinate System
 ========================================================

  Xs2 =   -4.1618274581E-02
  Xs3 =    2.0089801898E-01
