
 The 6X6 Mass Matrix
 ========================================================

     1.5348925081E+02    0.0000000000E+00    0.0000000000E+00    0.0000000000E+00    9.4014988775E+00   -3.8857219141E+01
     0.0000000000E+00    1.5348925081E+02    0.0000000000E+00   -9.4014988775E+00    0.0000000000E+00    0.0000000000E+00
     0.0000000000E+00    0.0000000000E+00    1.5348925081E+02    3.8857219141E+01    0.0000000000E+00    0.0000000000E+00
     0.0000000000E+00   -9.4014988775E+00    3.8857219141E+01    7.7695222340E+01    0.0000000000E+00    0.0000000000E+00
     9.4014988775E+00    0.0000000000E+00    0.0000000000E+00    0.0000000000E+00    3.8449767674E+00   -2.5329340882E+00
    -3.8857219141E+01    0.0000000000E+00    0.0000000000E+00    0.0000000000E+00   -2.5329340882E+00    7.3850245573E+01

 The Mass Center of the Cross Section
 ========================================================

  Xm2 =    2.5315922082E-01
  Xm3 =    6.1251838989E-02

 The 6X6 Mass Matrix at the Mass Center
 ========================================================

   1.534892508145E+02  0.000000000000E+00  0.000000000000E+00  0.000000000000E+00  0.000000000000E+00  0.000000000000E+00
   0.000000000000E+00  1.534892508145E+02  0.000000000000E+00  0.000000000000E+00  0.000000000000E+00  0.000000000000E+00
   0.000000000000E+00  0.000000000000E+00  1.534892508145E+02  0.000000000000E+00  0.000000000000E+00  0.000000000000E+00
   0.000000000000E+00  0.000000000000E+00  0.000000000000E+00  6.728229992350E+01  0.000000000000E+00  0.000000000000E+00
   0.000000000000E+00  0.000000000000E+00  0.000000000000E+00  0.000000000000E+00  3.269117671883E+00 -1.528579577919E-01
   0.000000000000E+00  0.000000000000E+00  0.000000000000E+00  0.000000000000E+00 -1.528579577919E-01  6.401318225162E+01

 The Mass Properties with respect to Principal Inertial Axes
 ========================================================

 Mass Per Unit Span                     =    1.5348925081E+02
 Mass Moments of Intertia about x1 axis =    6.7282299924E+01
 Mass Moments of Intertia about x2 axis =    3.2687330185E+00
 Mass Moments of Intertia about x3 axis =    6.4013566905E+01
 The Principal Inertial Axes Rotated from User Coordinate System by 
     1.4417938545E-01
 Degree about the positive direction of x1 axis.
 The mass-weighted radius of gyration   =    6.6208146683E-01

 The Geometric Center of the Cross Section
 ========================================================

  Xg2 =    3.0581897520E-01
  Xg3 =    6.0002099608E-02

 Classical Stiffness Matrix (1-extension; 2-twist; 3,4-bending)
 ========================================================

     2.1745780071E+09    0.0000000000E+00    1.3444132169E+08   -5.7427215443E+08
     0.0000000000E+00    2.7507921273E+07    0.0000000000E+00    0.0000000000E+00
     1.3444132169E+08    0.0000000000E+00    5.6488929242E+07   -3.6039627436E+07
    -5.7427215443E+08    0.0000000000E+00   -3.6039627436E+07    1.0314226137E+09

 Classical Flexibility Matrix (1-extension; 2-twist; 3,4-bending)
 ========================================================

     6.1805600533E-10    0.0000000000E+00   -1.2799346815E-09    2.9939617435E-10
     0.0000000000E+00    3.6353164969E-08    0.0000000000E+00    0.0000000000E+00
    -1.2799346815E-09    0.0000000000E+00    2.0756840206E-08    1.2640735725E-11
     2.9939617435E-10    0.0000000000E+00    1.2640735725E-11    1.1366732103E-09

 The Neutral Axes (or Tension Center) of the Cross Section
 ========================================================

  Xt2 =    2.6408441204E-01
  Xt3 =    6.1824097023E-02

 Timoshenko Stiffness Matrix (1-extension; 2,3-shear, 4-twist; 5,6-bending)
 ========================================================

     2.1745780071E+09    0.0000000000E+00    0.0000000000E+00    0.0000000000E+00    1.3444132169E+08   -5.7427215443E+08
     0.0000000000E+00    3.3014384708E+08    5.1532633256E+05   -2.9450496761E+07    0.0000000000E+00    0.0000000000E+00
     0.0000000000E+00    5.1532633256E+05    1.7546187919E+07   -2.3851659260E+06    0.0000000000E+00    0.0000000000E+00
     0.0000000000E+00   -2.9450496761E+07   -2.3851659260E+06    3.0446921895E+07    0.0000000000E+00    0.0000000000E+00
     1.3444132169E+08    0.0000000000E+00    0.0000000000E+00    0.0000000000E+00    5.6488929242E+07   -3.6039627436E+07
    -5.7427215443E+08    0.0000000000E+00    0.0000000000E+00    0.0000000000E+00   -3.6039627436E+07    1.0314226137E+09

 Timoshenko Flexibility Matrix (1-extension; 2,3-shear, 4-twist; 5,6-bending)
 ========================================================

     6.1805600533E-10    0.0000000000E+00    0.0000000000E+00    0.0000000000E+00   -1.2799346815E-09    2.9939617435E-10
     0.0000000000E+00    3.3170551803E-09    3.4237694329E-10    3.2353204374E-09    0.0000000000E+00    0.0000000000E+00
     0.0000000000E+00    3.4237694329E-10    5.7641223792E-08    4.8466986085E-09    0.0000000000E+00    0.0000000000E+00
     0.0000000000E+00    3.2353204374E-09    4.8466986085E-09    3.6353164969E-08    0.0000000000E+00    0.0000000000E+00
    -1.2799346815E-09    0.0000000000E+00    0.0000000000E+00    0.0000000000E+00    2.0756840206E-08    1.2640735725E-11
     2.9939617435E-10    0.0000000000E+00    0.0000000000E+00    0.0000000000E+00    1.2640735725E-11    1.1366732103E-09

 The Generalized Shear Center of the Cross Section in the User Coordinate System
 ========================================================

  Xs2 =   -1.3332260376E-01
  Xs3 =    8.8996939887E-02
