
 The 6X6 Mass Matrix
 ========================================================

     1.8636634767E+03    0.0000000000E+00    0.0000000000E+00    0.0000000000E+00   -4.2889081748E+01   -1.1931163452E+03
     0.0000000000E+00    1.8636634767E+03    0.0000000000E+00    4.2889081748E+01    0.0000000000E+00    0.0000000000E+00
     0.0000000000E+00    0.0000000000E+00    1.8636634767E+03    1.1931163452E+03    0.0000000000E+00    0.0000000000E+00
     0.0000000000E+00    4.2889081748E+01    1.1931163452E+03    8.7356877226E+03    0.0000000000E+00    0.0000000000E+00
    -4.2889081748E+01    0.0000000000E+00    0.0000000000E+00    0.0000000000E+00    1.9286833175E+03   -1.9603193869E+02
    -1.1931163452E+03    0.0000000000E+00    0.0000000000E+00    0.0000000000E+00   -1.9603193869E+02    6.8070044050E+03

 The Mass Center of the Cross Section
 ========================================================

  Xm2 =    6.4019945667E-01
  Xm3 =   -2.3013318812E-02

 The 6X6 Mass Matrix at the Mass Center
 ========================================================

   1.863663476720E+03  0.000000000000E+00  0.000000000000E+00  0.000000000000E+00  0.000000000000E+00  0.000000000000E+00
   0.000000000000E+00  1.863663476720E+03  0.000000000000E+00  0.000000000000E+00  0.000000000000E+00  0.000000000000E+00
   0.000000000000E+00  0.000000000000E+00  1.863663476720E+03  0.000000000000E+00  0.000000000000E+00  0.000000000000E+00
   0.000000000000E+00  0.000000000000E+00  0.000000000000E+00  7.970868266499E+03  0.000000000000E+00  0.000000000000E+00
   0.000000000000E+00  0.000000000000E+00  0.000000000000E+00  0.000000000000E+00  1.927696297408E+03 -2.234895055191E+02
   0.000000000000E+00  0.000000000000E+00  0.000000000000E+00  0.000000000000E+00 -2.234895055191E+02  6.043171969092E+03

 The Mass Properties with respect to Principal Inertial Axes
 ========================================================

 Mass Per Unit Span                     =    1.8636634767E+03
 Mass Moments of Intertia about x1 axis =    7.9708682665E+03
 Mass Moments of Intertia about x2 axis =    1.9155953569E+03
 Mass Moments of Intertia about x3 axis =    6.0552729096E+03
 The Principal Inertial Axes Rotated from User Coordinate System by 
     3.0992795514E+00
 Degree about the positive direction of x1 axis.
 The mass-weighted radius of gyration   =    2.0680882576E+00

 The Geometric Center of the Cross Section
 ========================================================

  Xg2 =    5.3564240655E-01
  Xg3 =   -7.7874089025E-03

 Classical Stiffness Matrix (1-extension; 2-twist; 3,4-bending)
 ========================================================

     2.8912196820E+10    0.0000000000E+00   -9.1529158469E+08   -2.0907336411E+10
     0.0000000000E+00    5.5287021091E+09    0.0000000000E+00    0.0000000000E+00
    -9.1529158469E+08    0.0000000000E+00    3.4306133668E+10   -2.7504954494E+09
    -2.0907336411E+10    0.0000000000E+00   -2.7504954494E+09    1.0449862819E+11

 Classical Flexibility Matrix (1-extension; 2-twist; 3,4-bending)
 ========================================================

     4.0540875333E-11    0.0000000000E+00    1.7356077654E-12    8.1568104292E-12
     0.0000000000E+00    1.8087427759E-10    0.0000000000E+00    0.0000000000E+00
     1.7356077654E-12    0.0000000000E+00    2.9285253183E-11    1.1180614815E-12
     8.1568104292E-12    0.0000000000E+00    1.1180614815E-12    1.1230888128E-11

 The Neutral Axes (or Tension Center) of the Cross Section
 ========================================================

  Xt2 =    7.2313205880E-01
  Xt3 =   -3.1657628453E-02

 Timoshenko Stiffness Matrix (1-extension; 2,3-shear, 4-twist; 5,6-bending)
 ========================================================

     2.8912196820E+10    0.0000000000E+00    0.0000000000E+00    0.0000000000E+00   -9.1529158469E+08   -2.0907336411E+10
     0.0000000000E+00    1.1653861963E+09    2.4582548705E+07   -4.2818375534E+07    0.0000000000E+00    0.0000000000E+00
     0.0000000000E+00    2.4582548705E+07    1.0421771305E+09    1.0728678971E+07    0.0000000000E+00    0.0000000000E+00
     0.0000000000E+00   -4.2818375534E+07    1.0728678971E+07    5.5304052226E+09    0.0000000000E+00    0.0000000000E+00
    -9.1529158469E+08    0.0000000000E+00    0.0000000000E+00    0.0000000000E+00    3.4306133668E+10   -2.7504954494E+09
    -2.0907336411E+10    0.0000000000E+00    0.0000000000E+00    0.0000000000E+00   -2.7504954494E+09    1.0449862819E+11

 Timoshenko Flexibility Matrix (1-extension; 2,3-shear, 4-twist; 5,6-bending)
 ========================================================

     4.0540875333E-11    0.0000000000E+00    0.0000000000E+00    0.0000000000E+00    1.7356077654E-12    8.1568104292E-12
     0.0000000000E+00    8.5875911636E-10   -2.0324993965E-11    6.6882496281E-12    0.0000000000E+00    0.0000000000E+00
     0.0000000000E+00   -2.0324993965E-11    9.6002999908E-10   -2.0197682516E-12    0.0000000000E+00    0.0000000000E+00
     0.0000000000E+00    6.6882496281E-12   -2.0197682516E-12    1.8087427759E-10    0.0000000000E+00    0.0000000000E+00
     1.7356077654E-12    0.0000000000E+00    0.0000000000E+00    0.0000000000E+00    2.9285253183E-11    1.1180614815E-12
     8.1568104292E-12    0.0000000000E+00    0.0000000000E+00    0.0000000000E+00    1.1180614815E-12    1.1230888128E-11

 The Generalized Shear Center of the Cross Section in the User Coordinate System
 ========================================================

  Xs2 =    1.1166696993E-02
  Xs3 =    3.6977339825E-02
