
 The 6X6 Mass Matrix
 ========================================================

     2.9825734823E+02    0.0000000000E+00    0.0000000000E+00    0.0000000000E+00    2.8022582956E+01   -9.1803761714E+01
     0.0000000000E+00    2.9825734823E+02    0.0000000000E+00   -2.8022582956E+01    0.0000000000E+00    0.0000000000E+00
     0.0000000000E+00    0.0000000000E+00    2.9825734823E+02    9.1803761714E+01    0.0000000000E+00    0.0000000000E+00
     0.0000000000E+00   -2.8022582956E+01    9.1803761714E+01    3.2123660390E+02    0.0000000000E+00    0.0000000000E+00
     2.8022582956E+01    0.0000000000E+00    0.0000000000E+00    0.0000000000E+00    1.6719452409E+01   -9.3212203059E+00
    -9.1803761714E+01    0.0000000000E+00    0.0000000000E+00    0.0000000000E+00   -9.3212203059E+00    3.0451715149E+02

 The Mass Center of the Cross Section
 ========================================================

  Xm2 =    3.0780050269E-01
  Xm3 =    9.3954375718E-02

 The 6X6 Mass Matrix at the Mass Center
 ========================================================

   2.982573482253E+02  0.000000000000E+00  0.000000000000E+00  0.000000000000E+00  0.000000000000E+00  0.000000000000E+00
   0.000000000000E+00  2.982573482253E+02  0.000000000000E+00  0.000000000000E+00  0.000000000000E+00  0.000000000000E+00
   0.000000000000E+00  0.000000000000E+00  2.982573482253E+02  0.000000000000E+00  0.000000000000E+00  0.000000000000E+00
   0.000000000000E+00  0.000000000000E+00  0.000000000000E+00  2.903465156121E+02  0.000000000000E+00  0.000000000000E+00
   0.000000000000E+00  0.000000000000E+00  0.000000000000E+00  0.000000000000E+00  1.408660812107E+01 -6.958551854834E-01
   0.000000000000E+00  0.000000000000E+00  0.000000000000E+00  0.000000000000E+00 -6.958551854834E-01  2.762599074910E+02

 The Mass Properties with respect to Principal Inertial Axes
 ========================================================

 Mass Per Unit Span                     =    2.9825734823E+02
 Mass Moments of Intertia about x1 axis =    2.9034651561E+02
 Mass Moments of Intertia about x2 axis =    1.4084761209E+01
 Mass Moments of Intertia about x3 axis =    2.7626175440E+02
 The Principal Inertial Axes Rotated from User Coordinate System by 
     1.5207189631E-01
 Degree about the positive direction of x1 axis.
 The mass-weighted radius of gyration   =    9.8664912058E-01

 The Geometric Center of the Cross Section
 ========================================================

  Xg2 =    2.6364564567E-01
  Xg3 =    9.2656301465E-02

 Classical Stiffness Matrix (1-extension; 2-twist; 3,4-bending)
 ========================================================

     3.9289137658E+09    0.0000000000E+00    3.7357057744E+08   -1.3265815713E+09
     0.0000000000E+00    1.1748474949E+08    0.0000000000E+00    0.0000000000E+00
     3.7357057744E+08    0.0000000000E+00    2.4480531781E+08   -1.2252624511E+08
    -1.3265815713E+09    0.0000000000E+00   -1.2252624511E+08    3.9422801751E+09

 Classical Flexibility Matrix (1-extension; 2-twist; 3,4-bending)
 ========================================================

     3.3066453408E-10    0.0000000000E+00   -4.5599356625E-10    9.7096675204E-11
     0.0000000000E+00    8.5117430502E-09    0.0000000000E+00    0.0000000000E+00
    -4.5599356625E-10    0.0000000000E+00    4.7782508815E-09   -4.9340792721E-12
     9.7096675204E-11    0.0000000000E+00   -4.9340792721E-12    2.8618009265E-10

 The Neutral Axes (or Tension Center) of the Cross Section
 ========================================================

  Xt2 =    3.3764588647E-01
  Xt3 =    9.5082406920E-02

 Timoshenko Stiffness Matrix (1-extension; 2,3-shear, 4-twist; 5,6-bending)
 ========================================================

     3.9289137658E+09    0.0000000000E+00    0.0000000000E+00    0.0000000000E+00    3.7357057744E+08   -1.3265815713E+09
     0.0000000000E+00    5.2590824807E+08    7.0169278834E+05   -7.2039549848E+07    0.0000000000E+00    0.0000000000E+00
     0.0000000000E+00    7.0169278834E+05    9.9689185001E+07   -3.0500314390E+05    0.0000000000E+00    0.0000000000E+00
     0.0000000000E+00   -7.2039549848E+07   -3.0500314390E+05    1.2735325212E+08    0.0000000000E+00    0.0000000000E+00
     3.7357057744E+08    0.0000000000E+00    0.0000000000E+00    0.0000000000E+00    2.4480531781E+08   -1.2252624511E+08
    -1.3265815713E+09    0.0000000000E+00    0.0000000000E+00    0.0000000000E+00   -1.2252624511E+08    3.9422801751E+09

 Timoshenko Flexibility Matrix (1-extension; 2,3-shear, 4-twist; 5,6-bending)
 ========================================================

     3.3066453408E-10    0.0000000000E+00    0.0000000000E+00    0.0000000000E+00   -4.5599356625E-10    9.7096675204E-11
     0.0000000000E+00    2.0611967965E-09   -1.0941167877E-11    1.1659250926E-09    0.0000000000E+00    0.0000000000E+00
     0.0000000000E+00   -1.0941167877E-11    1.0031309988E-08    1.7835306419E-11    0.0000000000E+00    0.0000000000E+00
     0.0000000000E+00    1.1659250926E-09    1.7835306419E-11    8.5117430502E-09    0.0000000000E+00    0.0000000000E+00
    -4.5599356625E-10    0.0000000000E+00    0.0000000000E+00    0.0000000000E+00    4.7782508815E-09   -4.9340792721E-12
     9.7096675204E-11    0.0000000000E+00    0.0000000000E+00    0.0000000000E+00   -4.9340792721E-12    2.8618009265E-10

 The Generalized Shear Center of the Cross Section in the User Coordinate System
 ========================================================

  Xs2 =   -2.0953765067E-03
  Xs3 =    1.3697841744E-01
