
 The 6X6 Mass Matrix
 ========================================================

     2.5728374889E+03    0.0000000000E+00    0.0000000000E+00    0.0000000000E+00   -3.2776290604E-01   -4.4986396377E+02
     0.0000000000E+00    2.5728374889E+03    0.0000000000E+00    3.2776290604E-01    0.0000000000E+00    0.0000000000E+00
     0.0000000000E+00    0.0000000000E+00    2.5728374889E+03    4.4986396377E+02    0.0000000000E+00    0.0000000000E+00
     0.0000000000E+00    3.2776290604E-01    4.4986396377E+02    1.6849606228E+04    0.0000000000E+00    0.0000000000E+00
    -3.2776290604E-01    0.0000000000E+00    0.0000000000E+00    0.0000000000E+00    7.9417115049E+03   -9.5245955777E+00
    -4.4986396377E+02    0.0000000000E+00    0.0000000000E+00    0.0000000000E+00   -9.5245955777E+00    8.9078947233E+03

 The Mass Center of the Cross Section
 ========================================================

  Xm2 =    1.7485129384E-01
  Xm3 =   -1.2739355185E-04

 The 6X6 Mass Matrix at the Mass Center
 ========================================================

   2.572837488935E+03  0.000000000000E+00  0.000000000000E+00  0.000000000000E+00  0.000000000000E+00  0.000000000000E+00
   0.000000000000E+00  2.572837488935E+03  0.000000000000E+00  0.000000000000E+00  0.000000000000E+00  0.000000000000E+00
   0.000000000000E+00  0.000000000000E+00  2.572837488935E+03  0.000000000000E+00  0.000000000000E+00  0.000000000000E+00
   0.000000000000E+00  0.000000000000E+00  0.000000000000E+00  1.677094689035E+04  0.000000000000E+00  0.000000000000E+00
   0.000000000000E+00  0.000000000000E+00  0.000000000000E+00  0.000000000000E+00  7.941711463123E+03 -9.581905345860E+00
   0.000000000000E+00  0.000000000000E+00  0.000000000000E+00  0.000000000000E+00 -9.581905345860E+00  8.829235427225E+03

 The Mass Properties with respect to Principal Inertial Axes
 ========================================================

 Mass Per Unit Span                     =    2.5728374889E+03
 Mass Moments of Intertia about x1 axis =    1.6770946890E+04
 Mass Moments of Intertia about x2 axis =    7.9416080268E+03
 Mass Moments of Intertia about x3 axis =    8.8293388635E+03
 The Principal Inertial Axes Rotated from User Coordinate System by 
     6.1848182235E-01
 Degree about the positive direction of x1 axis.
 The mass-weighted radius of gyration   =    2.5531281509E+00

 The Geometric Center of the Cross Section
 ========================================================

  Xg2 =    9.6552659127E-02
  Xg3 =   -4.2802911266E-04

 Classical Stiffness Matrix (1-extension; 2-twist; 3,4-bending)
 ========================================================

     3.3352189346E+10    0.0000000000E+00    1.9560476360E+05   -8.5690412658E+09
     0.0000000000E+00    5.1123904334E+10    0.0000000000E+00    0.0000000000E+00
     1.9560476360E+05    0.0000000000E+00    1.0788852743E+11   -1.3433143081E+08
    -8.5690412658E+09    0.0000000000E+00   -1.3433143081E+08    1.2652377010E+11

 Classical Flexibility Matrix (1-extension; 2-twist; 3,4-bending)
 ========================================================

     3.0514006489E-11    0.0000000000E+00    2.5178105718E-15    2.0666165639E-12
     0.0000000000E+00    1.9560321400E-11    0.0000000000E+00    0.0000000000E+00
     2.5178105718E-15    0.0000000000E+00    9.2688385702E-12    1.0011332802E-14
     2.0666165639E-12    0.0000000000E+00    1.0011332802E-14    8.0436290087E-12

 The Neutral Axes (or Tension Center) of the Cross Section
 ========================================================

  Xt2 =    2.5692590003E-01
  Xt3 =    5.8648252912E-06

 Timoshenko Stiffness Matrix (1-extension; 2,3-shear, 4-twist; 5,6-bending)
 ========================================================

     3.3352189346E+10    0.0000000000E+00    0.0000000000E+00    0.0000000000E+00    1.9560476360E+05   -8.5690412658E+09
     0.0000000000E+00    3.7622571989E+09    3.3015990788E+06    1.5377802932E+04    0.0000000000E+00    0.0000000000E+00
     0.0000000000E+00    3.3015990788E+06    4.4554614553E+09    5.4775309137E+08    0.0000000000E+00    0.0000000000E+00
     0.0000000000E+00    1.5377802932E+04    5.4775309137E+08    5.1191244975E+10    0.0000000000E+00    0.0000000000E+00
     1.9560476360E+05    0.0000000000E+00    0.0000000000E+00    0.0000000000E+00    1.0788852743E+11   -1.3433143081E+08
    -8.5690412658E+09    0.0000000000E+00    0.0000000000E+00    0.0000000000E+00   -1.3433143081E+08    1.2652377010E+11

 Timoshenko Flexibility Matrix (1-extension; 2,3-shear, 4-twist; 5,6-bending)
 ========================================================

     3.0514006489E-11    0.0000000000E+00    0.0000000000E+00    0.0000000000E+00    2.5178105718E-15    2.0666165639E-12
     0.0000000000E+00    2.6579805638E-10   -1.9721206372E-13    2.0303496716E-15    0.0000000000E+00    0.0000000000E+00
     0.0000000000E+00   -1.9721206372E-13    2.2473942728E-10   -2.4047415348E-12    0.0000000000E+00    0.0000000000E+00
     0.0000000000E+00    2.0303496716E-15   -2.4047415348E-12    1.9560321400E-11    0.0000000000E+00    0.0000000000E+00
     2.5178105718E-15    0.0000000000E+00    0.0000000000E+00    0.0000000000E+00    9.2688385702E-12    1.0011332802E-14
     2.0666165639E-12    0.0000000000E+00    0.0000000000E+00    0.0000000000E+00    1.0011332802E-14    8.0436290087E-12

 The Generalized Shear Center of the Cross Section in the User Coordinate System
 ========================================================

  Xs2 =    1.2293977617E-01
  Xs3 =    1.0379940238E-04
