
 The 6X6 Mass Matrix
 ========================================================

     3.1215909814E+03    0.0000000000E+00    0.0000000000E+00    0.0000000000E+00    1.7680745756E-11   -1.0599169498E+02
     0.0000000000E+00    3.1215909814E+03    0.0000000000E+00   -1.7680745756E-11    0.0000000000E+00    0.0000000000E+00
     0.0000000000E+00    0.0000000000E+00    3.1215909814E+03    1.0599169498E+02    0.0000000000E+00    0.0000000000E+00
     0.0000000000E+00   -1.7680745756E-11    1.0599169498E+02    2.3852252350E+04    0.0000000000E+00    0.0000000000E+00
     1.7680745756E-11    0.0000000000E+00    0.0000000000E+00    0.0000000000E+00    1.1885591955E+04   -8.5540463601E-12
    -1.0599169498E+02    0.0000000000E+00    0.0000000000E+00    0.0000000000E+00   -8.5540463601E-12    1.1966660396E+04

 The Mass Center of the Cross Section
 ========================================================

  Xm2 =    3.3954382754E-02
  Xm3 =    5.6640174391E-15

 The 6X6 Mass Matrix at the Mass Center
 ========================================================

   3.121590981419E+03  0.000000000000E+00  0.000000000000E+00  0.000000000000E+00  0.000000000000E+00  0.000000000000E+00
   0.000000000000E+00  3.121590981419E+03  0.000000000000E+00  0.000000000000E+00  0.000000000000E+00  0.000000000000E+00
   0.000000000000E+00  0.000000000000E+00  3.121590981419E+03  0.000000000000E+00  0.000000000000E+00  0.000000000000E+00
   0.000000000000E+00  0.000000000000E+00  0.000000000000E+00  2.384865346771E+04  0.000000000000E+00  0.000000000000E+00
   0.000000000000E+00  0.000000000000E+00  0.000000000000E+00  0.000000000000E+00  1.188559195477E+04 -7.953707551348E-12
   0.000000000000E+00  0.000000000000E+00  0.000000000000E+00  0.000000000000E+00 -7.953707551348E-12  1.196306151295E+04

 The Mass Properties with respect to Principal Inertial Axes
 ========================================================

 Mass Per Unit Span                     =    3.1215909814E+03
 Mass Moments of Intertia about x1 axis =    2.3848653468E+04
 Mass Moments of Intertia about x2 axis =    1.1885591955E+04
 Mass Moments of Intertia about x3 axis =    1.1963061513E+04
 The user coordinate axes are the principal inertial axes.
 The mass-weighted radius of gyration   =    2.7640375129E+00

 The Geometric Center of the Cross Section
 ========================================================

  Xg2 =    3.1924317412E-02
  Xg3 =    6.2700159644E-15

 Classical Stiffness Matrix (1-extension; 2-twist; 3,4-bending)
 ========================================================

     4.6296765258E+10    0.0000000000E+00   -3.0551090837E-02   -2.3257633721E+09
     0.0000000000E+00    8.8360492429E+10    0.0000000000E+00    0.0000000000E+00
    -3.0551090837E-02    0.0000000000E+00    1.7746233470E+11    1.4117855579E-01
    -2.3257633721E+09    0.0000000000E+00    1.4117855579E-01    1.7629705188E+11

 Classical Flexibility Matrix (1-extension; 2-twist; 3,4-bending)
 ========================================================

     2.1614105477E-11    0.0000000000E+00    3.4941436148E-24    2.8513973605E-13
     0.0000000000E+00    1.1317275091E-11    0.0000000000E+00    0.0000000000E+00
     3.4941436148E-24    0.0000000000E+00    5.6349985572E-12   -4.4664071153E-24
     2.8513973605E-13    0.0000000000E+00   -4.4664071153E-24    5.6760062456E-12

 The Neutral Axes (or Tension Center) of the Cross Section
 ========================================================

  Xt2 =    5.0235979968E-02
  Xt3 =   -6.5989687759E-13

 Timoshenko Stiffness Matrix (1-extension; 2,3-shear, 4-twist; 5,6-bending)
 ========================================================

     4.6296765258E+10    0.0000000000E+00    0.0000000000E+00    0.0000000000E+00   -3.0551090837E-02   -2.3257633721E+09
     0.0000000000E+00    5.9029419848E+09   -6.6628533941E-02    2.9863421469E-04    0.0000000000E+00    0.0000000000E+00
     0.0000000000E+00   -6.6628533941E-02    5.6327308917E+09    1.4461768291E+08    0.0000000000E+00    0.0000000000E+00
     0.0000000000E+00    2.9863421469E-04    1.4461768291E+08    8.8364205419E+10    0.0000000000E+00    0.0000000000E+00
    -3.0551090837E-02    0.0000000000E+00    0.0000000000E+00    0.0000000000E+00    1.7746233470E+11    1.4117855579E-01
    -2.3257633721E+09    0.0000000000E+00    0.0000000000E+00    0.0000000000E+00    1.4117855579E-01    1.7629705188E+11

 Timoshenko Flexibility Matrix (1-extension; 2,3-shear, 4-twist; 5,6-bending)
 ========================================================

     2.1614105477E-11    0.0000000000E+00    0.0000000000E+00    0.0000000000E+00    3.4941436148E-24    2.8513973605E-13
     0.0000000000E+00    1.6940705204E-10    2.0039836518E-21   -3.8522636247E-24    0.0000000000E+00    0.0000000000E+00
     0.0000000000E+00    2.0039836518E-21    1.7754123890E-10   -2.9056564782E-13    0.0000000000E+00    0.0000000000E+00
     0.0000000000E+00   -3.8522636247E-24   -2.9056564782E-13    1.1317275091E-11    0.0000000000E+00    0.0000000000E+00
     3.4941436148E-24    0.0000000000E+00    0.0000000000E+00    0.0000000000E+00    5.6349985572E-12   -4.4664071153E-24
     2.8513973605E-13    0.0000000000E+00    0.0000000000E+00    0.0000000000E+00   -4.4664071153E-24    5.6760062456E-12

 The Generalized Shear Center of the Cross Section in the User Coordinate System
 ========================================================

  Xs2 =    2.5674523724E-02
  Xs3 =   -3.4038791084E-13
