
 The 6X6 Mass Matrix
 ========================================================

     8.0148180489E+02    0.0000000000E+00    0.0000000000E+00    0.0000000000E+00    1.0897124095E+02   -5.1678321978E+02
     0.0000000000E+00    8.0148180489E+02    0.0000000000E+00   -1.0897124095E+02    0.0000000000E+00    0.0000000000E+00
     0.0000000000E+00    0.0000000000E+00    8.0148180489E+02    5.1678321978E+02    0.0000000000E+00    0.0000000000E+00
     0.0000000000E+00   -1.0897124095E+02    5.1678321978E+02    2.9437228338E+03    0.0000000000E+00    0.0000000000E+00
     1.0897124095E+02    0.0000000000E+00    0.0000000000E+00    0.0000000000E+00    2.4172248621E+02   -9.0903092592E+01
    -5.1678321978E+02    0.0000000000E+00    0.0000000000E+00    0.0000000000E+00   -9.0903092592E+01    2.7020003476E+03

 The Mass Center of the Cross Section
 ========================================================

  Xm2 =    6.4478471829E-01
  Xm3 =    1.3596221435E-01

 The 6X6 Mass Matrix at the Mass Center
 ========================================================

   8.014818048856E+02  0.000000000000E+00  0.000000000000E+00  0.000000000000E+00  0.000000000000E+00  0.000000000000E+00
   0.000000000000E+00  8.014818048856E+02  0.000000000000E+00  0.000000000000E+00  0.000000000000E+00  0.000000000000E+00
   0.000000000000E+00  0.000000000000E+00  8.014818048856E+02  0.000000000000E+00  0.000000000000E+00  0.000000000000E+00
   0.000000000000E+00  0.000000000000E+00  0.000000000000E+00  2.595692939837E+03  0.000000000000E+00  0.000000000000E+00
   0.000000000000E+00  0.000000000000E+00  0.000000000000E+00  0.000000000000E+00  2.269065149887E+02 -2.064010169211E+01
   0.000000000000E+00  0.000000000000E+00  0.000000000000E+00  0.000000000000E+00 -2.064010169211E+01  2.368786424848E+03

 The Mass Properties with respect to Principal Inertial Axes
 ========================================================

 Mass Per Unit Span                     =    8.0148180489E+02
 Mass Moments of Intertia about x1 axis =    2.5956929398E+03
 Mass Moments of Intertia about x2 axis =    2.2670763631E+02
 Mass Moments of Intertia about x3 axis =    2.3689853035E+03
 The Principal Inertial Axes Rotated from User Coordinate System by 
     5.5205911441E-01
 Degree about the positive direction of x1 axis.
 The mass-weighted radius of gyration   =    1.7996159107E+00

 The Geometric Center of the Cross Section
 ========================================================

  Xg2 =    6.1570846514E-01
  Xg3 =    1.3816410763E-01

 Classical Stiffness Matrix (1-extension; 2-twist; 3,4-bending)
 ========================================================

     1.1054519867E+10    0.0000000000E+00    1.4825228671E+09   -7.3774195786E+09
     0.0000000000E+00    9.9726007096E+08    0.0000000000E+00    0.0000000000E+00
     1.4825228671E+09    0.0000000000E+00    3.9617952680E+09   -1.0129779293E+09
    -7.3774195786E+09    0.0000000000E+00   -1.0129779293E+09    3.5483389160E+10

 Classical Flexibility Matrix (1-extension; 2-twist; 3,4-bending)
 ========================================================

     1.0977763891E-10    0.0000000000E+00   -3.5502655461E-11    2.1810551767E-11
     0.0000000000E+00    1.0027474569E-09    0.0000000000E+00    0.0000000000E+00
    -3.5502655461E-11    0.0000000000E+00    2.6574854072E-10    2.0515010456E-13
     2.1810551767E-11    0.0000000000E+00    2.0515010456E-13    3.2722731161E-11

 The Neutral Axes (or Tension Center) of the Cross Section
 ========================================================

  Xt2 =    6.6736680269E-01
  Xt3 =    1.3411010926E-01

 Timoshenko Stiffness Matrix (1-extension; 2,3-shear, 4-twist; 5,6-bending)
 ========================================================

     1.1054519867E+10    0.0000000000E+00    0.0000000000E+00    0.0000000000E+00    1.4825228671E+09   -7.3774195786E+09
     0.0000000000E+00    6.8075413825E+08    1.0207060550E+07   -1.5362633206E+08    0.0000000000E+00    0.0000000000E+00
     0.0000000000E+00    1.0207060550E+07    3.4406604583E+08    5.2923547889E+06    0.0000000000E+00    0.0000000000E+00
     0.0000000000E+00   -1.5362633206E+08    5.2923547889E+06    1.0320968119E+09    0.0000000000E+00    0.0000000000E+00
     1.4825228671E+09    0.0000000000E+00    0.0000000000E+00    0.0000000000E+00    3.9617952680E+09   -1.0129779293E+09
    -7.3774195786E+09    0.0000000000E+00    0.0000000000E+00    0.0000000000E+00   -1.0129779293E+09    3.5483389160E+10

 Timoshenko Flexibility Matrix (1-extension; 2,3-shear, 4-twist; 5,6-bending)
 ========================================================

     1.0977763891E-10    0.0000000000E+00    0.0000000000E+00    0.0000000000E+00   -3.5502655461E-11    2.1810551767E-11
     0.0000000000E+00    1.5208300279E-09   -4.8602799144E-11    2.2662288985E-10    0.0000000000E+00    0.0000000000E+00
     0.0000000000E+00   -4.8602799144E-11    2.9082012419E-09   -2.2147052744E-11    0.0000000000E+00    0.0000000000E+00
     0.0000000000E+00    2.2662288985E-10   -2.2147052744E-11    1.0027474569E-09    0.0000000000E+00    0.0000000000E+00
    -3.5502655461E-11    0.0000000000E+00    0.0000000000E+00    0.0000000000E+00    2.6574854072E-10    2.0515010456E-13
     2.1810551767E-11    0.0000000000E+00    0.0000000000E+00    0.0000000000E+00    2.0515010456E-13    3.2722731161E-11

 The Generalized Shear Center of the Cross Section in the User Coordinate System
 ========================================================

  Xs2 =    2.2086371391E-02
  Xs3 =    2.2600195922E-01
