
 The 6X6 Mass Matrix
 ========================================================

     3.7024256791E+02    0.0000000000E+00    0.0000000000E+00    0.0000000000E+00    3.8597342184E+01   -1.0760883260E+02
     0.0000000000E+00    3.7024256791E+02    0.0000000000E+00   -3.8597342184E+01    0.0000000000E+00    0.0000000000E+00
     0.0000000000E+00    0.0000000000E+00    3.7024256791E+02    1.0760883260E+02    0.0000000000E+00    0.0000000000E+00
     0.0000000000E+00   -3.8597342184E+01    1.0760883260E+02    4.2125118835E+02    0.0000000000E+00    0.0000000000E+00
     3.8597342184E+01    0.0000000000E+00    0.0000000000E+00    0.0000000000E+00    2.6263233087E+01   -1.1844841056E+01
    -1.0760883260E+02    0.0000000000E+00    0.0000000000E+00    0.0000000000E+00   -1.1844841056E+01    3.9498795526E+02

 The Mass Center of the Cross Section
 ========================================================

  Xm2 =    2.9064413963E-01
  Xm3 =    1.0424879668E-01

 The 6X6 Mass Matrix at the Mass Center
 ========================================================

   3.702425679073E+02  0.000000000000E+00  0.000000000000E+00  0.000000000000E+00  0.000000000000E+00  0.000000000000E+00
   0.000000000000E+00  3.702425679073E+02  0.000000000000E+00  0.000000000000E+00  0.000000000000E+00  0.000000000000E+00
   0.000000000000E+00  0.000000000000E+00  3.702425679073E+02  0.000000000000E+00  0.000000000000E+00  0.000000000000E+00
   0.000000000000E+00  0.000000000000E+00  0.000000000000E+00  3.859515853047E+02  0.000000000000E+00  0.000000000000E+00
   0.000000000000E+00  0.000000000000E+00  0.000000000000E+00  0.000000000000E+00  2.223950660899E+01 -6.267497452313E-01
   0.000000000000E+00  0.000000000000E+00  0.000000000000E+00  0.000000000000E+00 -6.267497452313E-01  3.637120786957E+02

 The Mass Properties with respect to Principal Inertial Axes
 ========================================================

 Mass Per Unit Span                     =    3.7024256791E+02
 Mass Moments of Intertia about x1 axis =    3.8595158530E+02
 Mass Moments of Intertia about x2 axis =    2.2238356256E+01
 Mass Moments of Intertia about x3 axis =    3.6371322905E+02
 The Principal Inertial Axes Rotated from User Coordinate System by 
     1.0516204477E-01
 Degree about the positive direction of x1 axis.
 The mass-weighted radius of gyration   =    1.0209941174E+00

 The Geometric Center of the Cross Section
 ========================================================

  Xg2 =    2.4984862684E-01
  Xg3 =    1.0218508736E-01

 Classical Stiffness Matrix (1-extension; 2-twist; 3,4-bending)
 ========================================================

     5.1727387220E+09    0.0000000000E+00    5.4990772848E+08   -1.5408720179E+09
     0.0000000000E+00    1.6340749168E+08    0.0000000000E+00    0.0000000000E+00
     5.4990772848E+08    0.0000000000E+00    4.1567389534E+08   -1.5455200408E+08
    -1.5408720179E+09    0.0000000000E+00   -1.5455200408E+08    5.1206317133E+09

 Classical Flexibility Matrix (1-extension; 2-twist; 3,4-bending)
 ========================================================

     2.4434901667E-10    0.0000000000E+00   -2.9927675122E-10    6.4495312139E-11
     0.0000000000E+00    6.1196704615E-09    0.0000000000E+00    0.0000000000E+00
    -2.9927675122E-10    0.0000000000E+00    2.7995875263E-09   -5.5589447492E-12
     6.4495312139E-11    0.0000000000E+00   -5.5589447492E-12    2.1452819441E-10

 The Neutral Axes (or Tension Center) of the Cross Section
 ========================================================

  Xt2 =    2.9788321055E-01
  Xt3 =    1.0630881590E-01

 Timoshenko Stiffness Matrix (1-extension; 2,3-shear, 4-twist; 5,6-bending)
 ========================================================

     5.1727387220E+09    0.0000000000E+00    0.0000000000E+00    0.0000000000E+00    5.4990772848E+08   -1.5408720179E+09
     0.0000000000E+00    6.2042824621E+08    1.7617871992E+06   -9.2291539850E+07    0.0000000000E+00    0.0000000000E+00
     0.0000000000E+00    1.7617871992E+06    1.2021100554E+08   -1.7596146498E+06    0.0000000000E+00    0.0000000000E+00
     0.0000000000E+00   -9.2291539850E+07   -1.7596146498E+06    1.7715493697E+08    0.0000000000E+00    0.0000000000E+00
     5.4990772848E+08    0.0000000000E+00    0.0000000000E+00    0.0000000000E+00    4.1567389534E+08   -1.5455200408E+08
    -1.5408720179E+09    0.0000000000E+00    0.0000000000E+00    0.0000000000E+00   -1.5455200408E+08    5.1206317133E+09

 Timoshenko Flexibility Matrix (1-extension; 2,3-shear, 4-twist; 5,6-bending)
 ========================================================

     2.4434901667E-10    0.0000000000E+00    0.0000000000E+00    0.0000000000E+00   -2.9927675122E-10    6.4495312139E-11
     0.0000000000E+00    1.7472082103E-09   -1.2284747081E-11    9.1011248407E-10    0.0000000000E+00    0.0000000000E+00
     0.0000000000E+00   -1.2284747081E-11    8.3200019073E-09    7.6239585802E-11    0.0000000000E+00    0.0000000000E+00
     0.0000000000E+00    9.1011248407E-10    7.6239585802E-11    6.1196704615E-09    0.0000000000E+00    0.0000000000E+00
    -2.9927675122E-10    0.0000000000E+00    0.0000000000E+00    0.0000000000E+00    2.7995875263E-09   -5.5589447492E-12
     6.4495312139E-11    0.0000000000E+00    0.0000000000E+00    0.0000000000E+00   -5.5589447492E-12    2.1452819441E-10

 The Generalized Shear Center of the Cross Section in the User Coordinate System
 ========================================================

  Xs2 =   -1.2458119482E-02
  Xs3 =    1.4871919816E-01
