
 The 6X6 Mass Matrix
 ========================================================

     9.0564087455E+02    0.0000000000E+00    0.0000000000E+00    0.0000000000E+00    1.0277835022E+02   -7.2216355292E+02
     0.0000000000E+00    9.0564087455E+02    0.0000000000E+00   -1.0277835022E+02    0.0000000000E+00    0.0000000000E+00
     0.0000000000E+00    0.0000000000E+00    9.0564087455E+02    7.2216355292E+02    0.0000000000E+00    0.0000000000E+00
     0.0000000000E+00   -1.0277835022E+02    7.2216355292E+02    4.0371056011E+03    0.0000000000E+00    0.0000000000E+00
     1.0277835022E+02    0.0000000000E+00    0.0000000000E+00    0.0000000000E+00    3.1010526773E+02   -1.1708106404E+02
    -7.2216355292E+02    0.0000000000E+00    0.0000000000E+00    0.0000000000E+00   -1.1708106404E+02    3.7270003334E+03

 The Mass Center of the Cross Section
 ========================================================

  Xm2 =    7.9740609464E-01
  Xm3 =    1.1348687224E-01

 The 6X6 Mass Matrix at the Mass Center
 ========================================================

   9.056408745479E+02  0.000000000000E+00  0.000000000000E+00  0.000000000000E+00  0.000000000000E+00  0.000000000000E+00
   0.000000000000E+00  9.056408745479E+02  0.000000000000E+00  0.000000000000E+00  0.000000000000E+00  0.000000000000E+00
   0.000000000000E+00  0.000000000000E+00  9.056408745479E+02  0.000000000000E+00  0.000000000000E+00  0.000000000000E+00
   0.000000000000E+00  0.000000000000E+00  0.000000000000E+00  3.449583989208E+03  0.000000000000E+00  0.000000000000E+00
   0.000000000000E+00  0.000000000000E+00  0.000000000000E+00  0.000000000000E+00  2.984412742282E+02 -3.512498116927E+01
   0.000000000000E+00  0.000000000000E+00  0.000000000000E+00  0.000000000000E+00 -3.512498116927E+01  3.151142714980E+03

 The Mass Properties with respect to Principal Inertial Axes
 ========================================================

 Mass Per Unit Span                     =    9.0564087455E+02
 Mass Moments of Intertia about x1 axis =    3.4495839892E+03
 Mass Moments of Intertia about x2 axis =    2.9800884997E+02
 Mass Moments of Intertia about x3 axis =    3.1515751392E+03
 The Principal Inertial Axes Rotated from User Coordinate System by 
     7.0533371653E-01
 Degree about the positive direction of x1 axis.
 The mass-weighted radius of gyration   =    1.9516653604E+00

 The Geometric Center of the Cross Section
 ========================================================

  Xg2 =    6.9151663681E-01
  Xg3 =    1.1856121736E-01

 Classical Stiffness Matrix (1-extension; 2-twist; 3,4-bending)
 ========================================================

     1.2947140343E+10    0.0000000000E+00    1.4173768181E+09   -1.1851243940E+10
     0.0000000000E+00    1.2418510474E+09    0.0000000000E+00    0.0000000000E+00
     1.4173768181E+09    0.0000000000E+00    5.1372810642E+09   -1.5036727167E+09
    -1.1851243940E+10    0.0000000000E+00   -1.5036727167E+09    5.5921054927E+10

 Classical Flexibility Matrix (1-extension; 2-twist; 3,4-bending)
 ========================================================

     9.8051856660E-11    0.0000000000E+00   -2.1136628161E-11    2.0211598340E-11
     0.0000000000E+00    8.0524955232E-10    0.0000000000E+00    0.0000000000E+00
    -2.1136628161E-11    0.0000000000E+00    2.0075600565E-10    9.1872358423E-13
     2.0211598340E-11    0.0000000000E+00    9.1872358423E-13    2.2190461957E-11

 The Neutral Axes (or Tension Center) of the Cross Section
 ========================================================

  Xt2 =    9.1535610377E-01
  Xt3 =    1.0947412174E-01

 Timoshenko Stiffness Matrix (1-extension; 2,3-shear, 4-twist; 5,6-bending)
 ========================================================

     1.2947140343E+10    0.0000000000E+00    0.0000000000E+00    0.0000000000E+00    1.4173768181E+09   -1.1851243940E+10
     0.0000000000E+00    6.7391184651E+08    9.6556168896E+06   -1.3895508577E+08    0.0000000000E+00    0.0000000000E+00
     0.0000000000E+00    9.6556168896E+06    3.9267266011E+08    4.6637207323E+06    0.0000000000E+00    0.0000000000E+00
     0.0000000000E+00   -1.3895508577E+08    4.6637207323E+06    1.2706152603E+09    0.0000000000E+00    0.0000000000E+00
     1.4173768181E+09    0.0000000000E+00    0.0000000000E+00    0.0000000000E+00    5.1372810642E+09   -1.5036727167E+09
    -1.1851243940E+10    0.0000000000E+00    0.0000000000E+00    0.0000000000E+00   -1.5036727167E+09    5.5921054927E+10

 Timoshenko Flexibility Matrix (1-extension; 2,3-shear, 4-twist; 5,6-bending)
 ========================================================

     9.8051856660E-11    0.0000000000E+00    0.0000000000E+00    0.0000000000E+00   -2.1136628161E-11    2.0211598340E-11
     0.0000000000E+00    1.5187125059E-09   -3.9318660757E-11    1.6623143478E-10    0.0000000000E+00    0.0000000000E+00
     0.0000000000E+00   -3.9318660757E-11    2.5477793944E-09   -1.3651386067E-11    0.0000000000E+00    0.0000000000E+00
     0.0000000000E+00    1.6623143478E-10   -1.3651386067E-11    8.0524955232E-10    0.0000000000E+00    0.0000000000E+00
    -2.1136628161E-11    0.0000000000E+00    0.0000000000E+00    0.0000000000E+00    2.0075600565E-10    9.1872358423E-13
     2.0211598340E-11    0.0000000000E+00    0.0000000000E+00    0.0000000000E+00    9.1872358423E-13    2.2190461957E-11

 The Generalized Shear Center of the Cross Section in the User Coordinate System
 ========================================================

  Xs2 =    1.6952988086E-02
  Xs3 =    2.0643468140E-01
