
 The 6X6 Mass Matrix
 ========================================================

     8.2832716744E+02    0.0000000000E+00    0.0000000000E+00    0.0000000000E+00    1.1378534565E+02   -5.3321716798E+02
     0.0000000000E+00    8.2832716744E+02    0.0000000000E+00   -1.1378534565E+02    0.0000000000E+00    0.0000000000E+00
     0.0000000000E+00    0.0000000000E+00    8.2832716744E+02    5.3321716798E+02    0.0000000000E+00    0.0000000000E+00
     0.0000000000E+00   -1.1378534565E+02    5.3321716798E+02    3.1037911770E+03    0.0000000000E+00    0.0000000000E+00
     1.1378534565E+02    0.0000000000E+00    0.0000000000E+00    0.0000000000E+00    2.5768604551E+02   -9.4745978655E+01
    -5.3321716798E+02    0.0000000000E+00    0.0000000000E+00    0.0000000000E+00   -9.4745978655E+01    2.8461051315E+03

 The Mass Center of the Cross Section
 ========================================================

  Xm2 =    6.4372773095E-01
  Xm3 =    1.3736763699E-01

 The 6X6 Mass Matrix at the Mass Center
 ========================================================

   8.283271674382E+02  0.000000000000E+00  0.000000000000E+00  0.000000000000E+00  0.000000000000E+00  0.000000000000E+00
   0.000000000000E+00  8.283271674382E+02  0.000000000000E+00  0.000000000000E+00  0.000000000000E+00  0.000000000000E+00
   0.000000000000E+00  0.000000000000E+00  8.283271674382E+02  0.000000000000E+00  0.000000000000E+00  0.000000000000E+00
   0.000000000000E+00  0.000000000000E+00  0.000000000000E+00  2.744914075275E+03  0.000000000000E+00  0.000000000000E+00
   0.000000000000E+00  0.000000000000E+00  0.000000000000E+00  0.000000000000E+00  2.420556214547E+02 -2.149919628682E+01
   0.000000000000E+00  0.000000000000E+00  0.000000000000E+00  0.000000000000E+00 -2.149919628682E+01  2.502858453820E+03

 The Mass Properties with respect to Principal Inertial Axes
 ========================================================

 Mass Per Unit Span                     =    8.2832716744E+02
 Mass Moments of Intertia about x1 axis =    2.7449140753E+03
 Mass Moments of Intertia about x2 axis =    2.4185119246E+02
 Mass Moments of Intertia about x3 axis =    2.5030628828E+03
 The Principal Inertial Axes Rotated from User Coordinate System by 
     5.4479085867E-01
 Degree about the positive direction of x1 axis.
 The mass-weighted radius of gyration   =    1.8203857379E+00

 The Geometric Center of the Cross Section
 ========================================================

  Xg2 =    6.3750704466E-01
  Xg3 =    1.3941003804E-01

 Classical Stiffness Matrix (1-extension; 2-twist; 3,4-bending)
 ========================================================

     1.1520914102E+10    0.0000000000E+00    1.5622054303E+09   -7.5477112083E+09
     0.0000000000E+00    1.0429304975E+09    0.0000000000E+00    0.0000000000E+00
     1.5622054303E+09    0.0000000000E+00    4.2572135891E+09   -1.0460356728E+09
    -7.5477112083E+09    0.0000000000E+00   -1.0460356728E+09    3.7143789401E+10

 Classical Flexibility Matrix (1-extension; 2-twist; 3,4-bending)
 ========================================================

     1.0464251792E-10    0.0000000000E+00   -3.3405575932E-11    2.0322861330E-11
     0.0000000000E+00    9.5883666499E-10    0.0000000000E+00    0.0000000000E+00
    -3.3405575932E-11    0.0000000000E+00    2.4719637116E-10    1.7339594708E-13
     2.0322861330E-11    0.0000000000E+00    1.7339594708E-13    3.1056940748E-11

 The Neutral Axes (or Tension Center) of the Cross Section
 ========================================================

  Xt2 =    6.5513128052E-01
  Xt3 =    1.3559735074E-01

 Timoshenko Stiffness Matrix (1-extension; 2,3-shear, 4-twist; 5,6-bending)
 ========================================================

     1.1520914102E+10    0.0000000000E+00    0.0000000000E+00    0.0000000000E+00    1.5622054303E+09   -7.5477112083E+09
     0.0000000000E+00    6.9154584690E+08    1.0395110710E+07   -1.5774594299E+08    0.0000000000E+00    0.0000000000E+00
     0.0000000000E+00    1.0395110710E+07    3.4965517026E+08    5.3508321164E+06    0.0000000000E+00    0.0000000000E+00
     0.0000000000E+00   -1.5774594299E+08    5.3508321164E+06    1.0790839506E+09    0.0000000000E+00    0.0000000000E+00
     1.5622054303E+09    0.0000000000E+00    0.0000000000E+00    0.0000000000E+00    4.2572135891E+09   -1.0460356728E+09
    -7.5477112083E+09    0.0000000000E+00    0.0000000000E+00    0.0000000000E+00   -1.0460356728E+09    3.7143789401E+10

 Timoshenko Flexibility Matrix (1-extension; 2,3-shear, 4-twist; 5,6-bending)
 ========================================================

     1.0464251792E-10    0.0000000000E+00    0.0000000000E+00    0.0000000000E+00   -3.3405575932E-11    2.0322861330E-11
     0.0000000000E+00    1.4967182532E-09   -4.7848776238E-11    2.1903510185E-10    0.0000000000E+00    0.0000000000E+00
     0.0000000000E+00   -4.7848776238E-11    2.8617072939E-09   -2.1185066845E-11    0.0000000000E+00    0.0000000000E+00
     0.0000000000E+00    2.1903510185E-10   -2.1185066845E-11    9.5883666499E-10    0.0000000000E+00    0.0000000000E+00
    -3.3405575932E-11    0.0000000000E+00    0.0000000000E+00    0.0000000000E+00    2.4719637116E-10    1.7339594708E-13
     2.0322861330E-11    0.0000000000E+00    0.0000000000E+00    0.0000000000E+00    1.7339594708E-13    3.1056940748E-11

 The Generalized Shear Center of the Cross Section in the User Coordinate System
 ========================================================

  Xs2 =    2.2094552303E-02
  Xs3 =    2.2843838773E-01
