
 The 6X6 Mass Matrix
 ========================================================

     1.8074728896E+03    0.0000000000E+00    0.0000000000E+00    0.0000000000E+00   -1.1725590970E+02   -1.1020746179E+03
     0.0000000000E+00    1.8074728896E+03    0.0000000000E+00    1.1725590970E+02    0.0000000000E+00    0.0000000000E+00
     0.0000000000E+00    0.0000000000E+00    1.8074728896E+03    1.1020746179E+03    0.0000000000E+00    0.0000000000E+00
     0.0000000000E+00    1.1725590970E+02    1.1020746179E+03    7.8191792638E+03    0.0000000000E+00    0.0000000000E+00
    -1.1725590970E+02    0.0000000000E+00    0.0000000000E+00    0.0000000000E+00    1.6394367778E+03   -1.9789315834E+02
    -1.1020746179E+03    0.0000000000E+00    0.0000000000E+00    0.0000000000E+00   -1.9789315834E+02    6.1797424859E+03

 The Mass Center of the Cross Section
 ========================================================

  Xm2 =    6.0973230870E-01
  Xm3 =   -6.4872845603E-02

 The 6X6 Mass Matrix at the Mass Center
 ========================================================

   1.807472889589E+03  0.000000000000E+00  0.000000000000E+00  0.000000000000E+00  0.000000000000E+00  0.000000000000E+00
   0.000000000000E+00  1.807472889589E+03  0.000000000000E+00  0.000000000000E+00  0.000000000000E+00  0.000000000000E+00
   0.000000000000E+00  0.000000000000E+00  1.807472889589E+03  0.000000000000E+00  0.000000000000E+00  0.000000000000E+00
   0.000000000000E+00  0.000000000000E+00  0.000000000000E+00  7.139602038127E+03  0.000000000000E+00  0.000000000000E+00
   0.000000000000E+00  0.000000000000E+00  0.000000000000E+00  0.000000000000E+00  1.631830053321E+03 -2.693878748724E+02
   0.000000000000E+00  0.000000000000E+00  0.000000000000E+00  0.000000000000E+00 -2.693878748724E+02  5.507771984806E+03

 The Mass Properties with respect to Principal Inertial Axes
 ========================================================

 Mass Per Unit Span                     =    1.8074728896E+03
 Mass Moments of Intertia about x1 axis =    7.1396020381E+03
 Mass Moments of Intertia about x2 axis =    1.6131964879E+03
 Mass Moments of Intertia about x3 axis =    5.5264055502E+03
 The Principal Inertial Axes Rotated from User Coordinate System by 
     3.9568478888E+00
 Degree about the positive direction of x1 axis.
 The mass-weighted radius of gyration   =    1.9874724004E+00

 The Geometric Center of the Cross Section
 ========================================================

  Xg2 =    5.1892570175E-01
  Xg3 =   -4.4998440757E-02

 Classical Stiffness Matrix (1-extension; 2-twist; 3,4-bending)
 ========================================================

     2.8326181972E+10    0.0000000000E+00   -2.1496895963E+09   -1.9256489223E+10
     0.0000000000E+00    4.7118919570E+09    0.0000000000E+00    0.0000000000E+00
    -2.1496895963E+09    0.0000000000E+00    2.9416410013E+10   -2.7586666793E+09
    -1.9256489223E+10    0.0000000000E+00   -2.7586666793E+09    9.4745910308E+10

 Classical Flexibility Matrix (1-extension; 2-twist; 3,4-bending)
 ========================================================

     4.1387278522E-11    0.0000000000E+00    3.8237840941E-12    8.5230299226E-12
     0.0000000000E+00    2.1222897493E-10    0.0000000000E+00    0.0000000000E+00
     3.8237840941E-12    0.0000000000E+00    3.4440989330E-11    1.7799593282E-12
     8.5230299226E-12    0.0000000000E+00    1.7799593282E-12    1.2338621736E-11

 The Neutral Axes (or Tension Center) of the Cross Section
 ========================================================

  Xt2 =    6.7981238142E-01
  Xt3 =   -7.5890552367E-02

 Timoshenko Stiffness Matrix (1-extension; 2,3-shear, 4-twist; 5,6-bending)
 ========================================================

     2.8326181972E+10    0.0000000000E+00    0.0000000000E+00    0.0000000000E+00   -2.1496895963E+09   -1.9256489223E+10
     0.0000000000E+00    1.1558869880E+09    3.5955796364E+07    8.4259864684E+06    0.0000000000E+00    0.0000000000E+00
     0.0000000000E+00    3.5955796364E+07    9.5134317014E+08    5.0728904080E+06    0.0000000000E+00    0.0000000000E+00
     0.0000000000E+00    8.4259864684E+06    5.0728904080E+06    4.7119777353E+09    0.0000000000E+00    0.0000000000E+00
    -2.1496895963E+09    0.0000000000E+00    0.0000000000E+00    0.0000000000E+00    2.9416410013E+10   -2.7586666793E+09
    -1.9256489223E+10    0.0000000000E+00    0.0000000000E+00    0.0000000000E+00   -2.7586666793E+09    9.4745910308E+10

 Timoshenko Flexibility Matrix (1-extension; 2,3-shear, 4-twist; 5,6-bending)
 ========================================================

     4.1387278522E-11    0.0000000000E+00    0.0000000000E+00    0.0000000000E+00    3.8237840941E-12    8.5230299226E-12
     0.0000000000E+00    8.6616558723E-10   -3.2728457914E-11   -1.5136471431E-12    0.0000000000E+00    0.0000000000E+00
     0.0000000000E+00   -3.2728457914E-11    1.0523880970E-09   -1.0744702594E-12    0.0000000000E+00    0.0000000000E+00
     0.0000000000E+00   -1.5136471431E-12   -1.0744702594E-12    2.1222897493E-10    0.0000000000E+00    0.0000000000E+00
     3.8237840941E-12    0.0000000000E+00    0.0000000000E+00    0.0000000000E+00    3.4440989330E-11    1.7799593282E-12
     8.5230299226E-12    0.0000000000E+00    0.0000000000E+00    0.0000000000E+00    1.7799593282E-12    1.2338621736E-11

 The Generalized Shear Center of the Cross Section in the User Coordinate System
 ========================================================

  Xs2 =    5.0627877731E-03
  Xs3 =   -7.1321417992E-03
