
 The 6X6 Mass Matrix
 ========================================================

     1.8074728896E+03    0.0000000000E+00    0.0000000000E+00    0.0000000000E+00   -1.1725590970E+02   -1.1020746179E+03
     0.0000000000E+00    1.8074728896E+03    0.0000000000E+00    1.1725590970E+02    0.0000000000E+00    0.0000000000E+00
     0.0000000000E+00    0.0000000000E+00    1.8074728896E+03    1.1020746179E+03    0.0000000000E+00    0.0000000000E+00
     0.0000000000E+00    1.1725590970E+02    1.1020746179E+03    7.8191792638E+03    0.0000000000E+00    0.0000000000E+00
    -1.1725590970E+02    0.0000000000E+00    0.0000000000E+00    0.0000000000E+00    1.6394367778E+03   -1.9789315834E+02
    -1.1020746179E+03    0.0000000000E+00    0.0000000000E+00    0.0000000000E+00   -1.9789315834E+02    6.1797424859E+03

 The Mass Center of the Cross Section
 ========================================================

  Xm2 =    6.0973230870E-01
  Xm3 =   -6.4872845603E-02

 The 6X6 Mass Matrix at the Mass Center
 ========================================================

   1.807472889589E+03  0.000000000000E+00  0.000000000000E+00  0.000000000000E+00  0.000000000000E+00  0.000000000000E+00
   0.000000000000E+00  1.807472889589E+03  0.000000000000E+00  0.000000000000E+00  0.000000000000E+00  0.000000000000E+00
   0.000000000000E+00  0.000000000000E+00  1.807472889589E+03  0.000000000000E+00  0.000000000000E+00  0.000000000000E+00
   0.000000000000E+00  0.000000000000E+00  0.000000000000E+00  7.139602038127E+03  0.000000000000E+00  0.000000000000E+00
   0.000000000000E+00  0.000000000000E+00  0.000000000000E+00  0.000000000000E+00  1.631830053321E+03 -2.693878748724E+02
   0.000000000000E+00  0.000000000000E+00  0.000000000000E+00  0.000000000000E+00 -2.693878748724E+02  5.507771984806E+03

 The Mass Properties with respect to Principal Inertial Axes
 ========================================================

 Mass Per Unit Span                     =    1.8074728896E+03
 Mass Moments of Intertia about x1 axis =    7.1396020381E+03
 Mass Moments of Intertia about x2 axis =    1.6131964879E+03
 Mass Moments of Intertia about x3 axis =    5.5264055502E+03
 The Principal Inertial Axes Rotated from User Coordinate System by 
     3.9568478888E+00
 Degree about the positive direction of x1 axis.
 The mass-weighted radius of gyration   =    1.9874724004E+00

 The Geometric Center of the Cross Section
 ========================================================

  Xg2 =    5.1892570175E-01
  Xg3 =   -4.4998440757E-02

 Classical Stiffness Matrix (1-extension; 2-twist; 3,4-bending)
 ========================================================

     2.8326177888E+10    0.0000000000E+00   -2.1496909112E+09   -1.9256486751E+10
     0.0000000000E+00    4.6961439512E+09    0.0000000000E+00    0.0000000000E+00
    -2.1496909112E+09    0.0000000000E+00    2.9416359606E+10   -2.7586662212E+09
    -1.9256486751E+10    0.0000000000E+00   -2.7586662212E+09    9.4745908717E+10

 Classical Flexibility Matrix (1-extension; 2-twist; 3,4-bending)
 ========================================================

     4.1387285013E-11    0.0000000000E+00    3.8237928962E-12    8.5230305429E-12
     0.0000000000E+00    2.1294066161E-10    0.0000000000E+00    0.0000000000E+00
     3.8237928962E-12    0.0000000000E+00    3.4441049443E-11    1.7799626311E-12
     8.5230305429E-12    0.0000000000E+00    1.7799626311E-12    1.2338621935E-11

 The Neutral Axes (or Tension Center) of the Cross Section
 ========================================================

  Xt2 =    6.7981239217E-01
  Xt3 =   -7.5890609730E-02

 Timoshenko Stiffness Matrix (1-extension; 2,3-shear, 4-twist; 5,6-bending)
 ========================================================

     2.8326177888E+10    0.0000000000E+00    0.0000000000E+00    0.0000000000E+00   -2.1496909112E+09   -1.9256486751E+10
     0.0000000000E+00    1.1509124922E+09    3.5892779254E+07    8.5648907922E+06    0.0000000000E+00    0.0000000000E+00
     0.0000000000E+00    3.5892779254E+07    9.4824086219E+08   -1.8285658283E+06    0.0000000000E+00    0.0000000000E+00
     0.0000000000E+00    8.5648907922E+06   -1.8285658283E+06    4.6962123267E+09    0.0000000000E+00    0.0000000000E+00
    -2.1496909112E+09    0.0000000000E+00    0.0000000000E+00    0.0000000000E+00    2.9416359606E+10   -2.7586662212E+09
    -1.9256486751E+10    0.0000000000E+00    0.0000000000E+00    0.0000000000E+00   -2.7586662212E+09    9.4745908717E+10

 Timoshenko Flexibility Matrix (1-extension; 2,3-shear, 4-twist; 5,6-bending)
 ========================================================

     4.1387285013E-11    0.0000000000E+00    0.0000000000E+00    0.0000000000E+00    3.8237928962E-12    8.5230305429E-12
     0.0000000000E+00    8.6991469167E-10   -3.2931064017E-11   -1.5993614489E-12    0.0000000000E+00    0.0000000000E+00
     0.0000000000E+00   -3.2931064017E-11    1.0558317922E-09    4.7116883751E-13    0.0000000000E+00    0.0000000000E+00
     0.0000000000E+00   -1.5993614489E-12    4.7116883751E-13    2.1294066161E-10    0.0000000000E+00    0.0000000000E+00
     3.8237928962E-12    0.0000000000E+00    0.0000000000E+00    0.0000000000E+00    3.4441049443E-11    1.7799626311E-12
     8.5230305429E-12    0.0000000000E+00    0.0000000000E+00    0.0000000000E+00    1.7799626311E-12    1.2338621935E-11

 The Generalized Shear Center of the Cross Section in the User Coordinate System
 ========================================================

  Xs2 =   -2.2126766863E-03
  Xs3 =   -7.5108315939E-03
