
 The 6X6 Mass Matrix
 ========================================================

     2.0513023444E+03    0.0000000000E+00    0.0000000000E+00    0.0000000000E+00   -2.4301836987E+00   -9.1329347868E+02
     0.0000000000E+00    2.0513023444E+03    0.0000000000E+00    2.4301836987E+00    0.0000000000E+00    0.0000000000E+00
     0.0000000000E+00    0.0000000000E+00    2.0513023444E+03    9.1329347868E+02    0.0000000000E+00    0.0000000000E+00
     0.0000000000E+00    2.4301836987E+00    9.1329347868E+02    1.2822138354E+04    0.0000000000E+00    0.0000000000E+00
    -2.4301836987E+00    0.0000000000E+00    0.0000000000E+00    0.0000000000E+00    5.1915345947E+03   -2.3851957750E+01
    -9.1329347868E+02    0.0000000000E+00    0.0000000000E+00    0.0000000000E+00   -2.3851957750E+01    7.6306037597E+03

 The Mass Center of the Cross Section
 ========================================================

  Xm2 =    4.4522616628E-01
  Xm3 =   -1.1847028330E-03

 The 6X6 Mass Matrix at the Mass Center
 ========================================================

   2.051302344413E+03  0.000000000000E+00  0.000000000000E+00  0.000000000000E+00  0.000000000000E+00  0.000000000000E+00
   0.000000000000E+00  2.051302344413E+03  0.000000000000E+00  0.000000000000E+00  0.000000000000E+00  0.000000000000E+00
   0.000000000000E+00  0.000000000000E+00  2.051302344413E+03  0.000000000000E+00  0.000000000000E+00  0.000000000000E+00
   0.000000000000E+00  0.000000000000E+00  0.000000000000E+00  1.241551332116E+04  0.000000000000E+00  0.000000000000E+00
   0.000000000000E+00  0.000000000000E+00  0.000000000000E+00  0.000000000000E+00  5.191531715655E+03 -2.493393912150E+01
   0.000000000000E+00  0.000000000000E+00  0.000000000000E+00  0.000000000000E+00 -2.493393912150E+01  7.223981605505E+03

 The Mass Properties with respect to Principal Inertial Axes
 ========================================================

 Mass Per Unit Span                     =    2.0513023444E+03
 Mass Moments of Intertia about x1 axis =    1.2415513321E+04
 Mass Moments of Intertia about x2 axis =    5.1912258740E+03
 Mass Moments of Intertia about x3 axis =    7.2242874471E+03
 The Principal Inertial Axes Rotated from User Coordinate System by 
     7.0275922223E-01
 Degree about the positive direction of x1 axis.
 The mass-weighted radius of gyration   =    2.4601835028E+00

 The Geometric Center of the Cross Section
 ========================================================

  Xg2 =    3.5971393020E-01
  Xg3 =   -1.0704128937E-03

 Classical Stiffness Matrix (1-extension; 2-twist; 3,4-bending)
 ========================================================

     2.6399507999E+10    0.0000000000E+00   -2.4113343549E+07   -1.5825107077E+10
     0.0000000000E+00    2.7142043009E+10    0.0000000000E+00    0.0000000000E+00
    -2.4113343549E+07    0.0000000000E+00    7.3565083915E+10   -3.2344866019E+08
    -1.5825107077E+10    0.0000000000E+00   -3.2344866019E+08    1.0459342216E+11

 Classical Flexibility Matrix (1-extension; 2-twist; 3,4-bending)
 ========================================================

     4.1657852123E-11    0.0000000000E+00    4.1367588656E-14    6.3030096645E-12
     0.0000000000E+00    3.6843210353E-11    0.0000000000E+00    0.0000000000E+00
     4.1367588656E-14    0.0000000000E+00    1.3593631186E-11    4.8296424478E-14
     6.3030096645E-12    0.0000000000E+00    4.8296424478E-14    1.0514632771E-11

 The Neutral Axes (or Tension Center) of the Cross Section
 ========================================================

  Xt2 =    5.9944704564E-01
  Xt3 =   -9.1340124785E-04

 Timoshenko Stiffness Matrix (1-extension; 2,3-shear, 4-twist; 5,6-bending)
 ========================================================

     2.6399507999E+10    0.0000000000E+00    0.0000000000E+00    0.0000000000E+00   -2.4113343549E+07   -1.5825107077E+10
     0.0000000000E+00    2.3929601798E+09    6.7628214479E+06    1.1950816790E+06    0.0000000000E+00    0.0000000000E+00
     0.0000000000E+00    6.7628214479E+06    2.7003226020E+09    7.8396414547E+08    0.0000000000E+00    0.0000000000E+00
     0.0000000000E+00    1.1950816790E+06    7.8396414547E+08    2.7369645610E+10    0.0000000000E+00    0.0000000000E+00
    -2.4113343549E+07    0.0000000000E+00    0.0000000000E+00    0.0000000000E+00    7.3565083915E+10   -3.2344866019E+08
    -1.5825107077E+10    0.0000000000E+00    0.0000000000E+00    0.0000000000E+00   -3.2344866019E+08    1.0459342216E+11

 Timoshenko Flexibility Matrix (1-extension; 2,3-shear, 4-twist; 5,6-bending)
 ========================================================

     4.1657852123E-11    0.0000000000E+00    0.0000000000E+00    0.0000000000E+00    4.1367588656E-14    6.3030096645E-12
     0.0000000000E+00    4.1789541484E-10   -1.0500323021E-12    1.1829474413E-14    0.0000000000E+00    0.0000000000E+00
     0.0000000000E+00   -1.0500323021E-12    3.7343416860E-10   -1.0696438974E-11    0.0000000000E+00    0.0000000000E+00
     0.0000000000E+00    1.1829474413E-14   -1.0696438974E-11    3.6843210353E-11    0.0000000000E+00    0.0000000000E+00
     4.1367588656E-14    0.0000000000E+00    0.0000000000E+00    0.0000000000E+00    1.3593631186E-11    4.8296424478E-14
     6.3030096645E-12    0.0000000000E+00    0.0000000000E+00    0.0000000000E+00    4.8296424478E-14    1.0514632771E-11

 The Generalized Shear Center of the Cross Section in the User Coordinate System
 ========================================================

  Xs2 =    2.9032320667E-01
  Xs3 =    3.2107610329E-04
