
 The 6X6 Mass Matrix
 ========================================================

     1.8175555261E+03    0.0000000000E+00    0.0000000000E+00    0.0000000000E+00   -4.8015774856E+00   -1.0973893556E+03
     0.0000000000E+00    1.8175555261E+03    0.0000000000E+00    4.8015774856E+00    0.0000000000E+00    0.0000000000E+00
     0.0000000000E+00    0.0000000000E+00    1.8175555261E+03    1.0973893556E+03    0.0000000000E+00    0.0000000000E+00
     0.0000000000E+00    4.8015774856E+00    1.0973893556E+03    1.0963072744E+04    0.0000000000E+00    0.0000000000E+00
    -4.8015774856E+00    0.0000000000E+00    0.0000000000E+00    0.0000000000E+00    3.9136776545E+03   -3.0343767016E+01
    -1.0973893556E+03    0.0000000000E+00    0.0000000000E+00    0.0000000000E+00   -3.0343767016E+01    7.0493950895E+03

 The Mass Center of the Cross Section
 ========================================================

  Xm2 =    6.0377212133E-01
  Xm3 =   -2.6417776055E-03

 The 6X6 Mass Matrix at the Mass Center
 ========================================================

   1.817555526110E+03  0.000000000000E+00  0.000000000000E+00  0.000000000000E+00  0.000000000000E+00  0.000000000000E+00
   0.000000000000E+00  1.817555526110E+03  0.000000000000E+00  0.000000000000E+00  0.000000000000E+00  0.000000000000E+00
   0.000000000000E+00  0.000000000000E+00  1.817555526110E+03  0.000000000000E+00  0.000000000000E+00  0.000000000000E+00
   0.000000000000E+00  0.000000000000E+00  0.000000000000E+00  1.030048696010E+04  0.000000000000E+00  0.000000000000E+00
   0.000000000000E+00  0.000000000000E+00  0.000000000000E+00  0.000000000000E+00  3.913664969760E+03 -3.324282563991E+01
   0.000000000000E+00  0.000000000000E+00  0.000000000000E+00  0.000000000000E+00 -3.324282563991E+01  6.386821990339E+03

 The Mass Properties with respect to Principal Inertial Axes
 ========================================================

 Mass Per Unit Span                     =    1.8175555261E+03
 Mass Moments of Intertia about x1 axis =    1.0300486960E+04
 Mass Moments of Intertia about x2 axis =    3.9132182186E+03
 Mass Moments of Intertia about x3 axis =    6.3872687415E+03
 The Principal Inertial Axes Rotated from User Coordinate System by 
     7.6995312521E-01
 Degree about the positive direction of x1 axis.
 The mass-weighted radius of gyration   =    2.3805923553E+00

 The Geometric Center of the Cross Section
 ========================================================

  Xg2 =    4.8613536515E-01
  Xg3 =   -1.9057136373E-03

 Classical Stiffness Matrix (1-extension; 2-twist; 3,4-bending)
 ========================================================

     2.4099065245E+10    0.0000000000E+00   -6.0687858698E+07   -1.9140244791E+10
     0.0000000000E+00    1.6772788983E+10    0.0000000000E+00    0.0000000000E+00
    -6.0687858698E+07    0.0000000000E+00    5.7985659070E+10   -4.2968089427E+08
    -1.9140244791E+10    0.0000000000E+00   -4.2968089427E+08    9.9688249595E+10

 Classical Flexibility Matrix (1-extension; 2-twist; 3,4-bending)
 ========================================================

     4.8962568160E-11    0.0000000000E+00    1.2090969595E-13    9.4013837795E-12
     0.0000000000E+00    5.9620376852E-11    0.0000000000E+00    0.0000000000E+00
     1.2090969595E-13    0.0000000000E+00    1.7246492836E-11    9.7551413354E-14
     9.4013837795E-12    0.0000000000E+00    9.7551413354E-14    1.1836768202E-11

 The Neutral Axes (or Tension Center) of the Cross Section
 ========================================================

  Xt2 =    7.9423183414E-01
  Xt3 =   -2.5182660855E-03

 Timoshenko Stiffness Matrix (1-extension; 2,3-shear, 4-twist; 5,6-bending)
 ========================================================

     2.4099065245E+10    0.0000000000E+00    0.0000000000E+00    0.0000000000E+00   -6.0687858698E+07   -1.9140244791E+10
     0.0000000000E+00    1.6284327820E+09    5.3655803894E+06   -4.4711603880E+06    0.0000000000E+00    0.0000000000E+00
     0.0000000000E+00    5.3655803894E+06    1.9852153340E+09    6.8216958025E+08    0.0000000000E+00    0.0000000000E+00
     0.0000000000E+00   -4.4711603880E+06    6.8216958025E+08    1.7007223980E+10    0.0000000000E+00    0.0000000000E+00
    -6.0687858698E+07    0.0000000000E+00    0.0000000000E+00    0.0000000000E+00    5.7985659070E+10   -4.2968089427E+08
    -1.9140244791E+10    0.0000000000E+00    0.0000000000E+00    0.0000000000E+00   -4.2968089427E+08    9.9688249595E+10

 Timoshenko Flexibility Matrix (1-extension; 2,3-shear, 4-twist; 5,6-bending)
 ========================================================

     4.8962568160E-11    0.0000000000E+00    0.0000000000E+00    0.0000000000E+00    1.2090969595E-13    9.4013837795E-12
     0.0000000000E+00    6.1409373272E-10   -1.7392016468E-12    2.3120422441E-13    0.0000000000E+00    0.0000000000E+00
     0.0000000000E+00   -1.7392016468E-12    5.1076847110E-10   -2.0487675719E-11    0.0000000000E+00    0.0000000000E+00
     0.0000000000E+00    2.3120422441E-13   -2.0487675719E-11    5.9620376852E-11    0.0000000000E+00    0.0000000000E+00
     1.2090969595E-13    0.0000000000E+00    0.0000000000E+00    0.0000000000E+00    1.7246492836E-11    9.7551413354E-14
     9.4013837795E-12    0.0000000000E+00    0.0000000000E+00    0.0000000000E+00    9.7551413354E-14    1.1836768202E-11

 The Generalized Shear Center of the Cross Section in the User Coordinate System
 ========================================================

  Xs2 =    3.4363546158E-01
  Xs3 =    3.8779396679E-03
