
 The 6X6 Mass Matrix
 ========================================================

     6.8738356106E+02    0.0000000000E+00    0.0000000000E+00    0.0000000000E+00    3.7070287630E+01   -3.7323381275E+02
     0.0000000000E+00    6.8738356106E+02    0.0000000000E+00   -3.7070287630E+01    0.0000000000E+00    0.0000000000E+00
     0.0000000000E+00    0.0000000000E+00    6.8738356106E+02    3.7323381275E+02    0.0000000000E+00    0.0000000000E+00
     0.0000000000E+00   -3.7070287630E+01    3.7323381275E+02    2.1195048619E+03    0.0000000000E+00    0.0000000000E+00
     3.7070287630E+01    0.0000000000E+00    0.0000000000E+00    0.0000000000E+00    2.1470041838E+02   -7.0294850444E+01
    -3.7323381275E+02    0.0000000000E+00    0.0000000000E+00    0.0000000000E+00   -7.0294850444E+01    1.9048044435E+03

 The Mass Center of the Cross Section
 ========================================================

  Xm2 =    5.4297750760E-01
  Xm3 =    5.3929552188E-02

 The 6X6 Mass Matrix at the Mass Center
 ========================================================

   6.873835610588E+02  0.000000000000E+00  0.000000000000E+00  0.000000000000E+00  0.000000000000E+00  0.000000000000E+00
   0.000000000000E+00  6.873835610588E+02  0.000000000000E+00  0.000000000000E+00  0.000000000000E+00  0.000000000000E+00
   0.000000000000E+00  0.000000000000E+00  6.873835610588E+02  0.000000000000E+00  0.000000000000E+00  0.000000000000E+00
   0.000000000000E+00  0.000000000000E+00  0.000000000000E+00  1.914848112453E+03  0.000000000000E+00  0.000000000000E+00
   0.000000000000E+00  0.000000000000E+00  0.000000000000E+00  0.000000000000E+00  2.127012343636E+02 -5.016651806052E+01
   0.000000000000E+00  0.000000000000E+00  0.000000000000E+00  0.000000000000E+00 -5.016651806052E+01  1.702146878089E+03

 The Mass Properties with respect to Principal Inertial Axes
 ========================================================

 Mass Per Unit Span                     =    6.8738356106E+02
 Mass Moments of Intertia about x1 axis =    1.9148481125E+03
 Mass Moments of Intertia about x2 axis =    2.1101347154E+02
 Mass Moments of Intertia about x3 axis =    1.7038346409E+03
 The Principal Inertial Axes Rotated from User Coordinate System by 
     1.9268873122E+00
 Degree about the positive direction of x1 axis.
 The mass-weighted radius of gyration   =    1.6690432652E+00

 The Geometric Center of the Cross Section
 ========================================================

  Xg2 =    4.6958428510E-01
  Xg3 =    5.8785982203E-02

 Classical Stiffness Matrix (1-extension; 2-twist; 3,4-bending)
 ========================================================

     8.8112550666E+09    0.0000000000E+00    4.2979317803E+08   -5.0779357113E+09
     0.0000000000E+00    9.7551642481E+08    0.0000000000E+00    0.0000000000E+00
     4.2979317803E+08    0.0000000000E+00    3.3761645310E+09   -7.5374034402E+08
    -5.0779357113E+09    0.0000000000E+00   -7.5374034402E+08    2.3416012385E+10

 Classical Flexibility Matrix (1-extension; 2-twist; 3,4-bending)
 ========================================================

     1.3005754697E-10    0.0000000000E+00   -1.0334250249E-11    2.7871292098E-11
     0.0000000000E+00    1.0250980656E-09    0.0000000000E+00    0.0000000000E+00
    -1.0334250249E-11    0.0000000000E+00    2.9915920025E-10    7.3886064493E-12
     2.7871292098E-11    0.0000000000E+00    7.3886064493E-12    4.8987748271E-11

 The Neutral Axes (or Tension Center) of the Cross Section
 ========================================================

  Xt2 =    5.7630106868E-01
  Xt3 =    4.8777747867E-02

 Timoshenko Stiffness Matrix (1-extension; 2,3-shear, 4-twist; 5,6-bending)
 ========================================================

     8.8112550666E+09    0.0000000000E+00    0.0000000000E+00    0.0000000000E+00    4.2979317803E+08   -5.0779357113E+09
     0.0000000000E+00    6.3374449456E+08    1.3135170858E+07   -6.7265952447E+07    0.0000000000E+00    0.0000000000E+00
     0.0000000000E+00    1.3135170858E+07    3.6907786298E+08   -5.4519670843E+06    0.0000000000E+00    0.0000000000E+00
     0.0000000000E+00   -6.7265952447E+07   -5.4519670843E+06    9.8270071208E+08    0.0000000000E+00    0.0000000000E+00
     4.2979317803E+08    0.0000000000E+00    0.0000000000E+00    0.0000000000E+00    3.3761645310E+09   -7.5374034402E+08
    -5.0779357113E+09    0.0000000000E+00    0.0000000000E+00    0.0000000000E+00   -7.5374034402E+08    2.3416012385E+10

 Timoshenko Flexibility Matrix (1-extension; 2,3-shear, 4-twist; 5,6-bending)
 ========================================================

     1.3005754697E-10    0.0000000000E+00    0.0000000000E+00    0.0000000000E+00   -1.0334250249E-11    2.7871292098E-11
     0.0000000000E+00    1.5905867455E-09   -5.5003854481E-11    1.0857064808E-10    0.0000000000E+00    0.0000000000E+00
     0.0000000000E+00   -5.5003854481E-11    2.7115795239E-09    1.1278668586E-11    0.0000000000E+00    0.0000000000E+00
     0.0000000000E+00    1.0857064808E-10    1.1278668586E-11    1.0250980656E-09    0.0000000000E+00    0.0000000000E+00
    -1.0334250249E-11    0.0000000000E+00    0.0000000000E+00    0.0000000000E+00    2.9915920025E-10    7.3886064493E-12
     2.7871292098E-11    0.0000000000E+00    0.0000000000E+00    0.0000000000E+00    7.3886064493E-12    4.8987748271E-11

 The Generalized Shear Center of the Cross Section in the User Coordinate System
 ========================================================

  Xs2 =   -1.1002526456E-02
  Xs3 =    1.0591245046E-01
