
 The 6X6 Mass Matrix
 ========================================================

     4.3842640554E+03    0.0000000000E+00    0.0000000000E+00    0.0000000000E+00    6.8297999730E-02   -4.0891086941E+01
     0.0000000000E+00    4.3842640554E+03    0.0000000000E+00   -6.8297999730E-02    0.0000000000E+00    0.0000000000E+00
     0.0000000000E+00    0.0000000000E+00    4.3842640554E+03    4.0891086941E+01    0.0000000000E+00    0.0000000000E+00
     0.0000000000E+00   -6.8297999730E-02    4.0891086941E+01    3.3560979211E+04    0.0000000000E+00    0.0000000000E+00
     6.8297999730E-02    0.0000000000E+00    0.0000000000E+00    0.0000000000E+00    1.6905291293E+04   -1.3657270006E-01
    -4.0891086941E+01    0.0000000000E+00    0.0000000000E+00    0.0000000000E+00   -1.3657270006E-01    1.6655687919E+04

 The Mass Center of the Cross Section
 ========================================================

  Xm2 =    9.3267847065E-03
  Xm3 =    1.5577985009E-05

 The 6X6 Mass Matrix at the Mass Center
 ========================================================

   4.384264055439E+03  0.000000000000E+00  0.000000000000E+00  0.000000000000E+00  0.000000000000E+00  0.000000000000E+00
   0.000000000000E+00  4.384264055439E+03  0.000000000000E+00  0.000000000000E+00  0.000000000000E+00  0.000000000000E+00
   0.000000000000E+00  0.000000000000E+00  4.384264055439E+03  0.000000000000E+00  0.000000000000E+00  0.000000000000E+00
   0.000000000000E+00  0.000000000000E+00  0.000000000000E+00  3.356059782794E+04  0.000000000000E+00  0.000000000000E+00
   0.000000000000E+00  0.000000000000E+00  0.000000000000E+00  0.000000000000E+00  1.690529129176E+04 -1.359356993198E-01
   0.000000000000E+00  0.000000000000E+00  0.000000000000E+00  0.000000000000E+00 -1.359356993198E-01  1.665530653619E+04

 The Mass Properties with respect to Principal Inertial Axes
 ========================================================

 Mass Per Unit Span                     =    4.3842640554E+03
 Mass Moments of Intertia about x1 axis =    3.3560597828E+04
 Mass Moments of Intertia about x2 axis =    1.6655306462E+04
 Mass Moments of Intertia about x3 axis =    1.6905291366E+04
 The Principal Inertial Axes Rotated from User Coordinate System by 
     8.9968843945E+01
 Degree about the positive direction of x1 axis.
 The mass-weighted radius of gyration   =    2.7667281751E+00

 The Geometric Center of the Cross Section
 ========================================================

  Xg2 =    8.7575756135E-03
  Xg3 =    2.2986209858E-05

 Classical Stiffness Matrix (1-extension; 2-twist; 3,4-bending)
 ========================================================

     6.5028503021E+10    0.0000000000E+00    1.9170379713E+05   -9.0299593746E+08
     0.0000000000E+00    1.2671526991E+11    0.0000000000E+00    0.0000000000E+00
     1.9170379713E+05    0.0000000000E+00    2.5238188776E+11   -3.8345598697E+05
    -9.0299593746E+08    0.0000000000E+00   -3.8345598697E+05    2.4550590281E+11

 Classical Flexibility Matrix (1-extension; 2-twist; 3,4-bending)
 ========================================================

     1.5378657525E-11    0.0000000000E+00   -1.1595353199E-17    5.6564282590E-14
     0.0000000000E+00    7.8917087160E-12    0.0000000000E+00    0.0000000000E+00
    -1.1595353199E-17    0.0000000000E+00    3.9622494660E-12    6.1459936624E-18
     5.6564282590E-14    0.0000000000E+00    6.1459936624E-18    4.0734298681E-12

 The Neutral Axes (or Tension Center) of the Cross Section
 ========================================================

  Xt2 =    1.3886156001E-02
  Xt3 =    2.9479964666E-06

 Timoshenko Stiffness Matrix (1-extension; 2,3-shear, 4-twist; 5,6-bending)
 ========================================================

     6.5028503021E+10    0.0000000000E+00    0.0000000000E+00    0.0000000000E+00    1.9170379713E+05   -9.0299593746E+08
     0.0000000000E+00    8.3631405754E+09   -1.7599989807E+04   -7.5566600394E+04    0.0000000000E+00    0.0000000000E+00
     0.0000000000E+00   -1.7599989807E+04    8.1663865401E+09    5.7294916189E+07    0.0000000000E+00    0.0000000000E+00
     0.0000000000E+00   -7.5566600394E+04    5.7294916189E+07    1.2671567189E+11    0.0000000000E+00    0.0000000000E+00
     1.9170379713E+05    0.0000000000E+00    0.0000000000E+00    0.0000000000E+00    2.5238188776E+11   -3.8345598697E+05
    -9.0299593746E+08    0.0000000000E+00    0.0000000000E+00    0.0000000000E+00   -3.8345598697E+05    2.4550590281E+11

 Timoshenko Flexibility Matrix (1-extension; 2,3-shear, 4-twist; 5,6-bending)
 ========================================================

     1.5378657525E-11    0.0000000000E+00    0.0000000000E+00    0.0000000000E+00   -1.1595353199E-17    5.6564282590E-14
     0.0000000000E+00    1.1957230552E-10    2.5719974206E-16    7.1190376514E-17    0.0000000000E+00    0.0000000000E+00
     0.0000000000E+00    2.5719974206E-16    1.2245356834E-10   -5.5367791617E-14    0.0000000000E+00    0.0000000000E+00
     0.0000000000E+00    7.1190376514E-17   -5.5367791617E-14    7.8917087160E-12    0.0000000000E+00    0.0000000000E+00
    -1.1595353199E-17    0.0000000000E+00    0.0000000000E+00    0.0000000000E+00    3.9622494660E-12    6.1459936624E-18
     5.6564282590E-14    0.0000000000E+00    0.0000000000E+00    0.0000000000E+00    6.1459936624E-18    4.0734298681E-12

 The Generalized Shear Center of the Cross Section in the User Coordinate System
 ========================================================

  Xs2 =    7.0159446591E-03
  Xs3 =    9.0209077749E-06
