
 The 6X6 Mass Matrix
 ========================================================

     1.8849747493E+00    0.0000000000E+00    0.0000000000E+00    0.0000000000E+00    5.1980149792E-03   -7.0861625514E-03
     0.0000000000E+00    1.8849747493E+00    0.0000000000E+00   -5.1980149792E-03    0.0000000000E+00    0.0000000000E+00
     0.0000000000E+00    0.0000000000E+00    1.8849747493E+00    7.0861625514E-03    0.0000000000E+00    0.0000000000E+00
     0.0000000000E+00   -5.1980149792E-03    7.0861625514E-03    9.8491314995E-04    0.0000000000E+00    0.0000000000E+00
     5.1980149792E-03    0.0000000000E+00    0.0000000000E+00    0.0000000000E+00    4.9561475257E-05   -3.1706321377E-05
    -7.0861625514E-03    0.0000000000E+00    0.0000000000E+00    0.0000000000E+00   -3.1706321377E-05    9.3535167469E-04

 The Mass Center of the Cross Section
 ========================================================

  Xm2 =    3.7592877857E-03
  Xm3 =    2.7576045680E-03

 The 6X6 Mass Matrix at the Mass Center
 ========================================================

   1.884974749324E+00  0.000000000000E+00  0.000000000000E+00  0.000000000000E+00  0.000000000000E+00  0.000000000000E+00
   0.000000000000E+00  1.884974749324E+00  0.000000000000E+00  0.000000000000E+00  0.000000000000E+00  0.000000000000E+00
   0.000000000000E+00  0.000000000000E+00  1.884974749324E+00  0.000000000000E+00  0.000000000000E+00  0.000000000000E+00
   0.000000000000E+00  0.000000000000E+00  0.000000000000E+00  9.439401557726E-04  0.000000000000E+00  0.000000000000E+00
   0.000000000000E+00  0.000000000000E+00  0.000000000000E+00  0.000000000000E+00  3.522740540540E-05 -1.216548715629E-05
   0.000000000000E+00  0.000000000000E+00  0.000000000000E+00  0.000000000000E+00 -1.216548715629E-05  9.087127503672E-04

 The Mass Properties with respect to Principal Inertial Axes
 ========================================================

 Mass Per Unit Span                     =    1.8849747493E+00
 Mass Moments of Intertia about x1 axis =    9.4394015577E-04
 Mass Moments of Intertia about x2 axis =    3.5058003158E-05
 Mass Moments of Intertia about x3 axis =    9.0888215261E-04
 The Principal Inertial Axes Rotated from User Coordinate System by 
     7.9778199071E-01
 Degree about the positive direction of x1 axis.
 The mass-weighted radius of gyration   =    2.2377906883E-02

 The Geometric Center of the Cross Section
 ========================================================

  Xg2 =    3.8366234741E-03
  Xg3 =    2.7568793151E-03

 Classical Stiffness Matrix (1-extension; 2-twist; 3,4-bending)
 ========================================================

     2.5280170477E+07    0.0000000000E+00    6.9872201183E+04   -8.8907077552E+04
     0.0000000000E+00    4.4864774346E+02    0.0000000000E+00    0.0000000000E+00
     6.9872201183E+04    0.0000000000E+00    6.5127318376E+02   -4.2518481921E+02
    -8.8907077552E+04    0.0000000000E+00   -4.2518481921E+02    1.2237282861E+04

 Classical Flexibility Matrix (1-extension; 2-twist; 3,4-bending)
 ========================================================

     5.6730534280E-08    0.0000000000E+00   -5.9523039199E-06    2.0534924077E-07
     0.0000000000E+00    2.2289201597E-03    0.0000000000E+00    0.0000000000E+00
    -5.9523039199E-06    0.0000000000E+00    2.1956216311E-03    3.3041897014E-05
     2.0534924077E-07    0.0000000000E+00    3.3041897014E-05    8.4357444833E-05

 The Neutral Axes (or Tension Center) of the Cross Section
 ========================================================

  Xt2 =    3.5168701742E-03
  Xt3 =    2.7639133702E-03

 Timoshenko Stiffness Matrix (1-extension; 2,3-shear, 4-twist; 5,6-bending)
 ========================================================

     2.5280170477E+07    0.0000000000E+00    0.0000000000E+00    0.0000000000E+00    6.9872201183E+04   -8.8907077552E+04
     0.0000000000E+00    5.9538599170E+06    7.9451659117E+04   -2.0711621095E+04    0.0000000000E+00    0.0000000000E+00
     0.0000000000E+00    7.9451659117E+04    1.0299032726E+06   -1.3461408599E+01    0.0000000000E+00    0.0000000000E+00
     0.0000000000E+00   -2.0711621095E+04   -1.3461408599E+01    5.2076420351E+02    0.0000000000E+00    0.0000000000E+00
     6.9872201183E+04    0.0000000000E+00    0.0000000000E+00    0.0000000000E+00    6.5127318376E+02   -4.2518481921E+02
    -8.8907077552E+04    0.0000000000E+00    0.0000000000E+00    0.0000000000E+00   -4.2518481921E+02    1.2237282861E+04

 Timoshenko Flexibility Matrix (1-extension; 2,3-shear, 4-twist; 5,6-bending)
 ========================================================

     5.6730534280E-08    0.0000000000E+00    0.0000000000E+00    0.0000000000E+00   -5.9523039199E-06    2.0534924077E-07
     0.0000000000E+00    1.9515702886E-07   -1.4953900871E-08    7.7613190537E-06    0.0000000000E+00    0.0000000000E+00
     0.0000000000E+00   -1.4953900871E-08    9.7211114004E-07   -5.6961200762E-07    0.0000000000E+00    0.0000000000E+00
     0.0000000000E+00    7.7613190537E-06   -5.6961200762E-07    2.2289201597E-03    0.0000000000E+00    0.0000000000E+00
    -5.9523039199E-06    0.0000000000E+00    0.0000000000E+00    0.0000000000E+00    2.1956216311E-03    3.3041897014E-05
     2.0534924077E-07    0.0000000000E+00    0.0000000000E+00    0.0000000000E+00    3.3041897014E-05    8.4357444833E-05

 The Generalized Shear Center of the Cross Section in the User Coordinate System
 ========================================================

  Xs2 =    2.5555514187E-04
  Xs3 =    3.4820982797E-03
