
 The 6X6 Mass Matrix
 ========================================================

     1.2055673037E+03    0.0000000000E+00    0.0000000000E+00    0.0000000000E+00    1.2163917378E+02   -4.1128017443E+02
     0.0000000000E+00    1.2055673037E+03    0.0000000000E+00   -1.2163917378E+02    0.0000000000E+00    0.0000000000E+00
     0.0000000000E+00    0.0000000000E+00    1.2055673037E+03    4.1128017443E+02    0.0000000000E+00    0.0000000000E+00
     0.0000000000E+00   -1.2163917378E+02    4.1128017443E+02    2.4777599706E+03    0.0000000000E+00    0.0000000000E+00
     1.2163917378E+02    0.0000000000E+00    0.0000000000E+00    0.0000000000E+00    3.6412136861E+02   -8.4502687285E+01
    -4.1128017443E+02    0.0000000000E+00    0.0000000000E+00    0.0000000000E+00   -8.4502687285E+01    2.1136386020E+03

 The Mass Center of the Cross Section
 ========================================================

  Xm2 =    3.4115073722E-01
  Xm3 =    1.0089787057E-01

 The 6X6 Mass Matrix at the Mass Center
 ========================================================

   1.205567303724E+03  0.000000000000E+00  0.000000000000E+00  0.000000000000E+00  0.000000000000E+00  0.000000000000E+00
   0.000000000000E+00  1.205567303724E+03  0.000000000000E+00  0.000000000000E+00  0.000000000000E+00  0.000000000000E+00
   0.000000000000E+00  0.000000000000E+00  1.205567303724E+03  0.000000000000E+00  0.000000000000E+00  0.000000000000E+00
   0.000000000000E+00  0.000000000000E+00  0.000000000000E+00  2.325178302260E+03  0.000000000000E+00  0.000000000000E+00
   0.000000000000E+00  0.000000000000E+00  0.000000000000E+00  0.000000000000E+00  3.518482349968E+02 -4.300539347463E+01
   0.000000000000E+00  0.000000000000E+00  0.000000000000E+00  0.000000000000E+00 -4.300539347463E+01  1.973330067264E+03

 The Mass Properties with respect to Principal Inertial Axes
 ========================================================

 Mass Per Unit Span                     =    1.2055673037E+03
 Mass Moments of Intertia about x1 axis =    2.3251783023E+03
 Mass Moments of Intertia about x2 axis =    3.5070843516E+02
 Mass Moments of Intertia about x3 axis =    1.9744698671E+03
 The Principal Inertial Axes Rotated from User Coordinate System by 
     1.5181917892E+00
 Degree about the positive direction of x1 axis.
 The mass-weighted radius of gyration   =    1.3887766321E+00

 The Geometric Center of the Cross Section
 ========================================================

  Xg2 =    3.6147236817E-01
  Xg3 =    1.0381992165E-01

 Classical Stiffness Matrix (1-extension; 2-twist; 3,4-bending)
 ========================================================

     1.9046664026E+10    0.0000000000E+00    1.8849051323E+09   -5.6027059189E+09
     0.0000000000E+00    1.3460733757E+09    0.0000000000E+00    0.0000000000E+00
     1.8849051323E+09    0.0000000000E+00    6.6719588722E+09   -9.6002063884E+08
    -5.6027059189E+09    0.0000000000E+00   -9.6002063884E+08    2.6502000892E+10

 Classical Flexibility Matrix (1-extension; 2-twist; 3,4-bending)
 ========================================================

     5.7352653674E-11    0.0000000000E+00   -1.4533923383E-11    1.1598263356E-11
     0.0000000000E+00    7.4290155205E-10    0.0000000000E+00    0.0000000000E+00
    -1.4533923383E-11    0.0000000000E+00    1.5434942647E-10    2.5186527129E-12
     1.1598263356E-11    0.0000000000E+00    2.5186527129E-12    4.0276189775E-11

 The Neutral Axes (or Tension Center) of the Cross Section
 ========================================================

  Xt2 =    2.9415680936E-01
  Xt3 =    9.8962481287E-02

 Timoshenko Stiffness Matrix (1-extension; 2,3-shear, 4-twist; 5,6-bending)
 ========================================================

     1.9046664026E+10    0.0000000000E+00    0.0000000000E+00    0.0000000000E+00    1.8849051323E+09   -5.6027059189E+09
     0.0000000000E+00    1.1270631341E+09    2.2453479654E+07   -1.7887373104E+08    0.0000000000E+00    0.0000000000E+00
     0.0000000000E+00    2.2453479654E+07    4.4013938429E+08   -3.1756686416E+05    0.0000000000E+00    0.0000000000E+00
     0.0000000000E+00   -1.7887373104E+08   -3.1756686416E+05    1.3744859984E+09    0.0000000000E+00    0.0000000000E+00
     1.8849051323E+09    0.0000000000E+00    0.0000000000E+00    0.0000000000E+00    6.6719588722E+09   -9.6002063884E+08
    -5.6027059189E+09    0.0000000000E+00    0.0000000000E+00    0.0000000000E+00   -9.6002063884E+08    2.6502000892E+10

 Timoshenko Flexibility Matrix (1-extension; 2,3-shear, 4-twist; 5,6-bending)
 ========================================================

     5.7352653674E-11    0.0000000000E+00    0.0000000000E+00    0.0000000000E+00   -1.4533923383E-11    1.1598263356E-11
     0.0000000000E+00    9.0691142690E-10   -4.6180461931E-11    1.1801354503E-10    0.0000000000E+00    0.0000000000E+00
     0.0000000000E+00   -4.6180461931E-11    2.2743594555E-09   -5.4843849522E-12    0.0000000000E+00    0.0000000000E+00
     0.0000000000E+00    1.1801354503E-10   -5.4843849522E-12    7.4290155205E-10    0.0000000000E+00    0.0000000000E+00
    -1.4533923383E-11    0.0000000000E+00    0.0000000000E+00    0.0000000000E+00    1.5434942647E-10    2.5186527129E-12
     1.1598263356E-11    0.0000000000E+00    0.0000000000E+00    0.0000000000E+00    2.5186527129E-12    4.0276189775E-11

 The Generalized Shear Center of the Cross Section in the User Coordinate System
 ========================================================

  Xs2 =    7.3823845663E-03
  Xs3 =    1.5885489094E-01
