
 The 6X6 Mass Matrix
 ========================================================

     6.1873764489E+02    0.0000000000E+00    0.0000000000E+00    0.0000000000E+00    7.9187943914E+01   -1.5346022657E+02
     0.0000000000E+00    6.1873764489E+02    0.0000000000E+00   -7.9187943914E+01    0.0000000000E+00    0.0000000000E+00
     0.0000000000E+00    0.0000000000E+00    6.1873764489E+02    1.5346022657E+02    0.0000000000E+00    0.0000000000E+00
     0.0000000000E+00   -7.9187943914E+01    1.5346022657E+02    7.6473863161E+02    0.0000000000E+00    0.0000000000E+00
     7.9187943914E+01    0.0000000000E+00    0.0000000000E+00    0.0000000000E+00    6.7250594547E+01   -2.0518415508E+01
    -1.5346022657E+02    0.0000000000E+00    0.0000000000E+00    0.0000000000E+00   -2.0518415508E+01    6.9748803706E+02

 The Mass Center of the Cross Section
 ========================================================

  Xm2 =    2.4802148025E-01
  Xm3 =    1.2798307096E-01

 The 6X6 Mass Matrix at the Mass Center
 ========================================================

   6.187376448901E+02  0.000000000000E+00  0.000000000000E+00  0.000000000000E+00  0.000000000000E+00  0.000000000000E+00
   0.000000000000E+00  6.187376448901E+02  0.000000000000E+00  0.000000000000E+00  0.000000000000E+00  0.000000000000E+00
   0.000000000000E+00  0.000000000000E+00  6.187376448901E+02  0.000000000000E+00  0.000000000000E+00  0.000000000000E+00
   0.000000000000E+00  0.000000000000E+00  0.000000000000E+00  7.165424828116E+02  0.000000000000E+00  0.000000000000E+00
   0.000000000000E+00  0.000000000000E+00  0.000000000000E+00  0.000000000000E+00  5.711587830147E+01 -8.781044411813E-01
   0.000000000000E+00  0.000000000000E+00  0.000000000000E+00  0.000000000000E+00 -8.781044411813E-01  6.594266045102E+02

 The Mass Properties with respect to Principal Inertial Axes
 ========================================================

 Mass Per Unit Span                     =    6.1873764489E+02
 Mass Moments of Intertia about x1 axis =    7.1654248281E+02
 Mass Moments of Intertia about x2 axis =    5.7114598122E+01
 Mass Moments of Intertia about x3 axis =    6.5942788469E+02
 The Principal Inertial Axes Rotated from User Coordinate System by 
     8.3530864856E-02
 Degree about the positive direction of x1 axis.
 The mass-weighted radius of gyration   =    1.0761373431E+00

 The Geometric Center of the Cross Section
 ========================================================

  Xg2 =    2.2226996701E-01
  Xg3 =    1.2265442335E-01

 Classical Stiffness Matrix (1-extension; 2-twist; 3,4-bending)
 ========================================================

     9.4787469689E+09    0.0000000000E+00    1.2495361786E+09   -2.1019295746E+09
     0.0000000000E+00    3.1174819046E+08    0.0000000000E+00    0.0000000000E+00
     1.2495361786E+09    0.0000000000E+00    1.1819430698E+09   -2.5053467129E+08
    -2.1019295746E+09    0.0000000000E+00   -2.5053467129E+08    8.6728933424E+09

 Classical Flexibility Matrix (1-extension; 2-twist; 3,4-bending)
 ========================================================

     1.2876256249E-10    0.0000000000E+00   -1.3030938186E-10    2.7442147695E-11
     0.0000000000E+00    3.2077170954E-09    0.0000000000E+00    0.0000000000E+00
    -1.3030938186E-10    0.0000000000E+00    9.8315172077E-10   -3.1808935389E-12
     2.7442147695E-11    0.0000000000E+00   -3.1808935389E-12    1.2186066356E-10

 The Neutral Axes (or Tension Center) of the Cross Section
 ========================================================

  Xt2 =    2.2175183930E-01
  Xt3 =    1.3182503792E-01

 Timoshenko Stiffness Matrix (1-extension; 2,3-shear, 4-twist; 5,6-bending)
 ========================================================

     9.4787469689E+09    0.0000000000E+00    0.0000000000E+00    0.0000000000E+00    1.2495361786E+09   -2.1019295746E+09
     0.0000000000E+00    8.5734398838E+08    4.6760809172E+06   -1.5048248650E+08    0.0000000000E+00    0.0000000000E+00
     0.0000000000E+00    4.6760809172E+06    1.7277387886E+08   -6.2991444695E+06    0.0000000000E+00    0.0000000000E+00
     0.0000000000E+00   -1.5048248650E+08   -6.2991444695E+06    3.3833487134E+08    0.0000000000E+00    0.0000000000E+00
     1.2495361786E+09    0.0000000000E+00    0.0000000000E+00    0.0000000000E+00    1.1819430698E+09   -2.5053467129E+08
    -2.1019295746E+09    0.0000000000E+00    0.0000000000E+00    0.0000000000E+00   -2.5053467129E+08    8.6728933424E+09

 Timoshenko Flexibility Matrix (1-extension; 2,3-shear, 4-twist; 5,6-bending)
 ========================================================

     1.2876256249E-10    0.0000000000E+00    0.0000000000E+00    0.0000000000E+00   -1.3030938186E-10    2.7442147695E-11
     0.0000000000E+00    1.2651934354E-09   -1.3735133632E-11    5.6246917063E-10    0.0000000000E+00    0.0000000000E+00
     0.0000000000E+00   -1.3735133632E-11    5.7919925429E-09    1.0172673185E-10    0.0000000000E+00    0.0000000000E+00
     0.0000000000E+00    5.6246917063E-10    1.0172673185E-10    3.2077170954E-09    0.0000000000E+00    0.0000000000E+00
    -1.3030938186E-10    0.0000000000E+00    0.0000000000E+00    0.0000000000E+00    9.8315172077E-10   -3.1808935389E-12
     2.7442147695E-11    0.0000000000E+00    0.0000000000E+00    0.0000000000E+00   -3.1808935389E-12    1.2186066356E-10

 The Generalized Shear Center of the Cross Section in the User Coordinate System
 ========================================================

  Xs2 =   -3.1713124576E-02
  Xs3 =    1.7534874613E-01
