
 The 6X6 Mass Matrix
 ========================================================

     1.9046812623E+03    0.0000000000E+00    0.0000000000E+00    0.0000000000E+00   -4.8011938372E+01   -1.2166487563E+03
     0.0000000000E+00    1.9046812623E+03    0.0000000000E+00    4.8011938372E+01    0.0000000000E+00    0.0000000000E+00
     0.0000000000E+00    0.0000000000E+00    1.9046812623E+03    1.2166487563E+03    0.0000000000E+00    0.0000000000E+00
     0.0000000000E+00    4.8011938372E+01    1.2166487563E+03    9.3300597482E+03    0.0000000000E+00    0.0000000000E+00
    -4.8011938372E+01    0.0000000000E+00    0.0000000000E+00    0.0000000000E+00    2.2500310295E+03   -2.1644535992E+02
    -1.2166487563E+03    0.0000000000E+00    0.0000000000E+00    0.0000000000E+00   -2.1644535992E+02    7.0800287188E+03

 The Mass Center of the Cross Section
 ========================================================

  Xm2 =    6.3876764074E-01
  Xm3 =   -2.5207334855E-02

 The 6X6 Mass Matrix at the Mass Center
 ========================================================

   1.904681262322E+03  0.000000000000E+00  0.000000000000E+00  0.000000000000E+00  0.000000000000E+00  0.000000000000E+00
   0.000000000000E+00  1.904681262322E+03  0.000000000000E+00  0.000000000000E+00  0.000000000000E+00  0.000000000000E+00
   0.000000000000E+00  0.000000000000E+00  1.904681262322E+03  0.000000000000E+00  0.000000000000E+00  0.000000000000E+00
   0.000000000000E+00  0.000000000000E+00  0.000000000000E+00  8.551693639547E+03  0.000000000000E+00  0.000000000000E+00
   0.000000000000E+00  0.000000000000E+00  0.000000000000E+00  0.000000000000E+00  2.248820776457E+03 -2.471138325220E+02
   0.000000000000E+00  0.000000000000E+00  0.000000000000E+00  0.000000000000E+00 -2.471138325220E+02  6.302872863090E+03

 The Mass Properties with respect to Principal Inertial Axes
 ========================================================

 Mass Per Unit Span                     =    1.9046812623E+03
 Mass Moments of Intertia about x1 axis =    8.5516936395E+03
 Mass Moments of Intertia about x2 axis =    2.2338135618E+03
 Mass Moments of Intertia about x3 axis =    6.3178800777E+03
 The Principal Inertial Axes Rotated from User Coordinate System by 
     3.4753024743E+00
 Degree about the positive direction of x1 axis.
 The mass-weighted radius of gyration   =    2.1189217182E+00

 The Geometric Center of the Cross Section
 ========================================================

  Xg2 =    5.2459733151E-01
  Xg3 =   -9.2884885795E-03

 Classical Stiffness Matrix (1-extension; 2-twist; 3,4-bending)
 ========================================================

     2.9327215930E+10    0.0000000000E+00   -1.0099502760E+09   -2.1408119089E+10
     0.0000000000E+00    6.2267080671E+09    0.0000000000E+00    0.0000000000E+00
    -1.0099502760E+09    0.0000000000E+00    3.9825923065E+10   -3.0110466409E+09
    -2.1408119089E+10    0.0000000000E+00   -3.0110466409E+09    1.0821374543E+11

 Classical Flexibility Matrix (1-extension; 2-twist; 3,4-bending)
 ========================================================

     3.9956623202E-11    0.0000000000E+00    1.6142963808E-12    7.9496081223E-12
     0.0000000000E+00    1.6059850393E-10    0.0000000000E+00    0.0000000000E+00
     1.6142963808E-12    0.0000000000E+00    2.5227427268E-11    1.0213121158E-12
     7.9496081223E-12    0.0000000000E+00    1.0213121158E-12    1.0842073446E-11

 The Neutral Axes (or Tension Center) of the Cross Section
 ========================================================

  Xt2 =    7.2997447629E-01
  Xt3 =   -3.4437304872E-02

 Timoshenko Stiffness Matrix (1-extension; 2,3-shear, 4-twist; 5,6-bending)
 ========================================================

     2.9327215930E+10    0.0000000000E+00    0.0000000000E+00    0.0000000000E+00   -1.0099502760E+09   -2.1408119089E+10
     0.0000000000E+00    1.1631523033E+09    2.5126317384E+07   -5.0931698586E+07    0.0000000000E+00    0.0000000000E+00
     0.0000000000E+00    2.5126317384E+07    1.1283789853E+09    1.1134932413E+06    0.0000000000E+00    0.0000000000E+00
     0.0000000000E+00   -5.0931698586E+07    1.1134932413E+06    6.2289425912E+09    0.0000000000E+00    0.0000000000E+00
    -1.0099502760E+09    0.0000000000E+00    0.0000000000E+00    0.0000000000E+00    3.9825923065E+10   -3.0110466409E+09
    -2.1408119089E+10    0.0000000000E+00    0.0000000000E+00    0.0000000000E+00   -3.0110466409E+09    1.0821374543E+11

 Timoshenko Flexibility Matrix (1-extension; 2,3-shear, 4-twist; 5,6-bending)
 ========================================================

     3.9956623202E-11    0.0000000000E+00    0.0000000000E+00    0.0000000000E+00    1.6142963808E-12    7.9496081223E-12
     0.0000000000E+00    8.6045491146E-10   -1.9167231404E-11    7.0390394738E-12    0.0000000000E+00    0.0000000000E+00
     0.0000000000E+00   -1.9167231404E-11    8.8665418795E-10   -3.1522253889E-13    0.0000000000E+00    0.0000000000E+00
     0.0000000000E+00    7.0390394738E-12   -3.1522253889E-13    1.6059850393E-10    0.0000000000E+00    0.0000000000E+00
     1.6142963808E-12    0.0000000000E+00    0.0000000000E+00    0.0000000000E+00    2.5227427268E-11    1.0213121158E-12
     7.9496081223E-12    0.0000000000E+00    0.0000000000E+00    0.0000000000E+00    1.0213121158E-12    1.0842073446E-11

 The Generalized Shear Center of the Cross Section in the User Coordinate System
 ========================================================

  Xs2 =    1.9627987258E-03
  Xs3 =    4.3830043876E-02
