
 The 6X6 Mass Matrix
 ========================================================

     5.0207227659E+03    0.0000000000E+00    0.0000000000E+00    0.0000000000E+00    4.0032453652E-03   -1.9582648636E+01
     0.0000000000E+00    5.0207227659E+03    0.0000000000E+00   -4.0032453652E-03    0.0000000000E+00    0.0000000000E+00
     0.0000000000E+00    0.0000000000E+00    5.0207227659E+03    1.9582648636E+01    0.0000000000E+00    0.0000000000E+00
     0.0000000000E+00   -4.0032453652E-03    1.9582648636E+01    3.8466744291E+04    0.0000000000E+00    0.0000000000E+00
     4.0032453652E-03    0.0000000000E+00    0.0000000000E+00    0.0000000000E+00    1.9472291609E+04    7.6820943663E-03
    -1.9582648636E+01    0.0000000000E+00    0.0000000000E+00    0.0000000000E+00    7.6820943663E-03    1.8994452682E+04

 The Mass Center of the Cross Section
 ========================================================

  Xm2 =    3.9003644592E-03
  Xm3 =    7.9734443661E-07

 The 6X6 Mass Matrix at the Mass Center
 ========================================================

   5.020722765931E+03  0.000000000000E+00  0.000000000000E+00  0.000000000000E+00  0.000000000000E+00  0.000000000000E+00
   0.000000000000E+00  5.020722765931E+03  0.000000000000E+00  0.000000000000E+00  0.000000000000E+00  0.000000000000E+00
   0.000000000000E+00  0.000000000000E+00  5.020722765931E+03  0.000000000000E+00  0.000000000000E+00  0.000000000000E+00
   0.000000000000E+00  0.000000000000E+00  0.000000000000E+00  3.846666791194E+04  0.000000000000E+00  0.000000000000E+00
   0.000000000000E+00  0.000000000000E+00  0.000000000000E+00  0.000000000000E+00  1.947229160908E+04  7.697708482250E-03
   0.000000000000E+00  0.000000000000E+00  0.000000000000E+00  0.000000000000E+00  7.697708482250E-03  1.899437630286E+04

 The Mass Properties with respect to Principal Inertial Axes
 ========================================================

 Mass Per Unit Span                     =    5.0207227659E+03
 Mass Moments of Intertia about x1 axis =    3.8466667912E+04
 Mass Moments of Intertia about x2 axis =    1.8994376303E+04
 Mass Moments of Intertia about x3 axis =    1.9472291609E+04
 The Principal Inertial Axes Rotated from User Coordinate System by 
     9.0000922854E+01
 Degree about the positive direction of x1 axis.
 The mass-weighted radius of gyration   =    2.7679558807E+00

 The Geometric Center of the Cross Section
 ========================================================

  Xg2 =    3.6821646084E-03
  Xg3 =   -2.2470376590E-15

 Classical Stiffness Matrix (1-extension; 2-twist; 3,4-bending)
 ========================================================

     7.4503635656E+10    0.0000000000E+00    1.2898578169E+05   -4.3637710925E+08
     0.0000000000E+00    1.4598297672E+11    0.0000000000E+00    0.0000000000E+00
     1.2898578169E+05    0.0000000000E+00    2.9073912298E+11    2.4752882999E+05
    -4.3637710925E+08    0.0000000000E+00    2.4752882999E+05    2.8024167444E+11

 Classical Flexibility Matrix (1-extension; 2-twist; 3,4-bending)
 ========================================================

     1.3422286197E-11    0.0000000000E+00   -5.9725623596E-18    2.0900454807E-14
     0.0000000000E+00    6.8501137768E-12    0.0000000000E+00    0.0000000000E+00
    -5.9725623596E-18    0.0000000000E+00    3.4395095843E-12   -3.0473129107E-18
     2.0900454807E-14    0.0000000000E+00   -3.0473129107E-18    3.5683811927E-12

 The Neutral Axes (or Tension Center) of the Cross Section
 ========================================================

  Xt2 =    5.8571250304E-03
  Xt3 =    1.7312682872E-06

 Timoshenko Stiffness Matrix (1-extension; 2,3-shear, 4-twist; 5,6-bending)
 ========================================================

     7.4503635656E+10    0.0000000000E+00    0.0000000000E+00    0.0000000000E+00    1.2898578169E+05   -4.3637710925E+08
     0.0000000000E+00    9.5744153902E+09    9.6520831285E+03   -3.4238412040E+04    0.0000000000E+00    0.0000000000E+00
     0.0000000000E+00    9.6520831285E+03    9.4621721457E+09    2.5054619353E+07    0.0000000000E+00    0.0000000000E+00
     0.0000000000E+00   -3.4238412040E+04    2.5054619353E+07    1.4598304306E+11    0.0000000000E+00    0.0000000000E+00
     1.2898578169E+05    0.0000000000E+00    0.0000000000E+00    0.0000000000E+00    2.9073912298E+11    2.4752882999E+05
    -4.3637710925E+08    0.0000000000E+00    0.0000000000E+00    0.0000000000E+00    2.4752882999E+05    2.8024167444E+11

 Timoshenko Flexibility Matrix (1-extension; 2,3-shear, 4-twist; 5,6-bending)
 ========================================================

     1.3422286197E-11    0.0000000000E+00    0.0000000000E+00    0.0000000000E+00   -5.9725623596E-18    2.0900454807E-14
     0.0000000000E+00    1.0444501928E-10   -1.0660619936E-16    2.4514508728E-17    0.0000000000E+00    0.0000000000E+00
     0.0000000000E+00   -1.0660619936E-16    1.0568402678E-10   -1.8138223528E-14    0.0000000000E+00    0.0000000000E+00
     0.0000000000E+00    2.4514508728E-17   -1.8138223528E-14    6.8501137768E-12    0.0000000000E+00    0.0000000000E+00
    -5.9725623596E-18    0.0000000000E+00    0.0000000000E+00    0.0000000000E+00    3.4395095843E-12   -3.0473129107E-18
     2.0900454807E-14    0.0000000000E+00    0.0000000000E+00    0.0000000000E+00   -3.0473129107E-18    3.5683811927E-12

 The Generalized Shear Center of the Cross Section in the User Coordinate System
 ========================================================

  Xs2 =    2.6478718630E-03
  Xs3 =    3.5787009569E-06
