
 The 6X6 Mass Matrix
 ========================================================

     1.3095283075E+03    0.0000000000E+00    0.0000000000E+00    0.0000000000E+00    6.5954143390E+01   -5.0049020166E+02
     0.0000000000E+00    1.3095283075E+03    0.0000000000E+00   -6.5954143390E+01    0.0000000000E+00    0.0000000000E+00
     0.0000000000E+00    0.0000000000E+00    1.3095283075E+03    5.0049020166E+02    0.0000000000E+00    0.0000000000E+00
     0.0000000000E+00   -6.5954143390E+01    5.0049020166E+02    3.1518308542E+03    0.0000000000E+00    0.0000000000E+00
     6.5954143390E+01    0.0000000000E+00    0.0000000000E+00    0.0000000000E+00    4.9679593538E+02   -1.0626302868E+02
    -5.0049020166E+02    0.0000000000E+00    0.0000000000E+00    0.0000000000E+00   -1.0626302868E+02    2.6550349189E+03

 The Mass Center of the Cross Section
 ========================================================

  Xm2 =    3.8219120487E-01
  Xm3 =    5.0364809231E-02

 The 6X6 Mass Matrix at the Mass Center
 ========================================================

   1.309528307519E+03  0.000000000000E+00  0.000000000000E+00  0.000000000000E+00  0.000000000000E+00  0.000000000000E+00
   0.000000000000E+00  1.309528307519E+03  0.000000000000E+00  0.000000000000E+00  0.000000000000E+00  0.000000000000E+00
   0.000000000000E+00  0.000000000000E+00  1.309528307519E+03  0.000000000000E+00  0.000000000000E+00  0.000000000000E+00
   0.000000000000E+00  0.000000000000E+00  0.000000000000E+00  2.957226133192E+03  0.000000000000E+00  0.000000000000E+00
   0.000000000000E+00  0.000000000000E+00  0.000000000000E+00  0.000000000000E+00  4.934741675328E+02 -8.105593515006E+01
   0.000000000000E+00  0.000000000000E+00  0.000000000000E+00  0.000000000000E+00 -8.105593515006E+01  2.463751965659E+03

 The Mass Properties with respect to Principal Inertial Axes
 ========================================================

 Mass Per Unit Span                     =    1.3095283075E+03
 Mass Moments of Intertia about x1 axis =    2.9572261332E+03
 Mass Moments of Intertia about x2 axis =    4.9014520416E+02
 Mass Moments of Intertia about x3 axis =    2.4670809290E+03
 The Principal Inertial Axes Rotated from User Coordinate System by 
     2.3518132142E+00
 Degree about the positive direction of x1 axis.
 The mass-weighted radius of gyration   =    1.5027433760E+00

 The Geometric Center of the Cross Section
 ========================================================

  Xg2 =    3.8156890987E-01
  Xg3 =    5.8698426381E-02

 Classical Stiffness Matrix (1-extension; 2-twist; 3,4-bending)
 ========================================================

     2.0610887551E+10    0.0000000000E+00    9.2404438637E+08   -7.3187589344E+09
     0.0000000000E+00    1.7793134949E+09    0.0000000000E+00    0.0000000000E+00
     9.2404438637E+08    0.0000000000E+00    9.0822804227E+09   -1.2492643201E+09
    -7.3187589344E+09    0.0000000000E+00   -1.2492643201E+09    3.4967743766E+10

 Classical Flexibility Matrix (1-extension; 2-twist; 3,4-bending)
 ========================================================

     5.2547242646E-11    0.0000000000E+00   -3.8523718267E-12    1.0860522585E-11
     0.0000000000E+00    5.6201450889E-10    0.0000000000E+00    0.0000000000E+00
    -3.8523718267E-12    0.0000000000E+00    1.1093067249E-10    3.1568279375E-12
     1.0860522585E-11    0.0000000000E+00    3.1568279375E-12    3.0983676456E-11

 The Neutral Axes (or Tension Center) of the Cross Section
 ========================================================

  Xt2 =    3.5509188610E-01
  Xt3 =    4.4832828480E-02

 Timoshenko Stiffness Matrix (1-extension; 2,3-shear, 4-twist; 5,6-bending)
 ========================================================

     2.0610887551E+10    0.0000000000E+00    0.0000000000E+00    0.0000000000E+00    9.2404438637E+08   -7.3187589344E+09
     0.0000000000E+00    1.1326338957E+09    2.8589350570E+07   -1.1837146356E+08    0.0000000000E+00    0.0000000000E+00
     0.0000000000E+00    2.8589350570E+07    5.2511010955E+08   -1.8926988438E+06    0.0000000000E+00    0.0000000000E+00
     0.0000000000E+00   -1.1837146356E+08   -1.8926988438E+06    1.7916867728E+09    0.0000000000E+00    0.0000000000E+00
     9.2404438637E+08    0.0000000000E+00    0.0000000000E+00    0.0000000000E+00    9.0822804227E+09   -1.2492643201E+09
    -7.3187589344E+09    0.0000000000E+00    0.0000000000E+00    0.0000000000E+00   -1.2492643201E+09    3.4967743766E+10

 Timoshenko Flexibility Matrix (1-extension; 2,3-shear, 4-twist; 5,6-bending)
 ========================================================

     5.2547242646E-11    0.0000000000E+00    0.0000000000E+00    0.0000000000E+00   -3.8523718267E-12    1.0860522585E-11
     0.0000000000E+00    8.9025751947E-10   -4.8257799777E-11    5.8765711531E-11    0.0000000000E+00    0.0000000000E+00
     0.0000000000E+00   -4.8257799777E-11    1.9069856386E-09   -1.1737525256E-12    0.0000000000E+00    0.0000000000E+00
     0.0000000000E+00    5.8765711531E-11   -1.1737525256E-12    5.6201450889E-10    0.0000000000E+00    0.0000000000E+00
    -3.8523718267E-12    0.0000000000E+00    0.0000000000E+00    0.0000000000E+00    1.1093067249E-10    3.1568279375E-12
     1.0860522585E-11    0.0000000000E+00    0.0000000000E+00    0.0000000000E+00    3.1568279375E-12    3.0983676456E-11

 The Generalized Shear Center of the Cross Section in the User Coordinate System
 ========================================================

  Xs2 =    2.0884737084E-03
  Xs3 =    1.0456262357E-01
