
 The 6X6 Mass Matrix
 ========================================================

     7.4332533284E+01    0.0000000000E+00    0.0000000000E+00    0.0000000000E+00    2.3632421125E+00   -8.1092184847E+00
     0.0000000000E+00    7.4332533284E+01    0.0000000000E+00   -2.3632421125E+00    0.0000000000E+00    0.0000000000E+00
     0.0000000000E+00    0.0000000000E+00    7.4332533284E+01    8.1092184847E+00    0.0000000000E+00    0.0000000000E+00
     0.0000000000E+00   -2.3632421125E+00    8.1092184847E+00    8.7281409657E+00    0.0000000000E+00    0.0000000000E+00
     2.3632421125E+00    0.0000000000E+00    0.0000000000E+00    0.0000000000E+00    4.5710407149E-01   -2.9817240739E-01
    -8.1092184847E+00    0.0000000000E+00    0.0000000000E+00    0.0000000000E+00   -2.9817240739E-01    8.2710368942E+00

 The Mass Center of the Cross Section
 ========================================================

  Xm2 =    1.0909379953E-01
  Xm3 =    3.1792836974E-02

 The 6X6 Mass Matrix at the Mass Center
 ========================================================

   7.433253328414E+01  0.000000000000E+00  0.000000000000E+00  0.000000000000E+00  0.000000000000E+00  0.000000000000E+00
   0.000000000000E+00  7.433253328414E+01  0.000000000000E+00  0.000000000000E+00  0.000000000000E+00  0.000000000000E+00
   0.000000000000E+00  0.000000000000E+00  7.433253328414E+01  0.000000000000E+00  0.000000000000E+00  0.000000000000E+00
   0.000000000000E+00  0.000000000000E+00  0.000000000000E+00  7.768341338766E+00  0.000000000000E+00  0.000000000000E+00
   0.000000000000E+00  0.000000000000E+00  0.000000000000E+00  0.000000000000E+00  3.819699002796E-01 -4.035734612074E-02
   0.000000000000E+00  0.000000000000E+00  0.000000000000E+00  0.000000000000E+00 -4.035734612074E-02  7.386371438487E+00

 The Mass Properties with respect to Principal Inertial Axes
 ========================================================

 Mass Per Unit Span                     =    7.4332533284E+01
 Mass Moments of Intertia about x1 axis =    7.7683413388E+00
 Mass Moments of Intertia about x2 axis =    3.8173738058E-01
 Mass Moments of Intertia about x3 axis =    7.3866039582E+00
 The Principal Inertial Axes Rotated from User Coordinate System by 
     3.3010718343E-01
 Degree about the positive direction of x1 axis.
 The mass-weighted radius of gyration   =    3.2327690758E-01

 The Geometric Center of the Cross Section
 ========================================================

  Xg2 =    1.3130363518E-01
  Xg3 =    3.1284252413E-02

 Classical Stiffness Matrix (1-extension; 2-twist; 3,4-bending)
 ========================================================

     1.0612117877E+09    0.0000000000E+00    3.4022882971E+07   -1.2376165193E+08
     0.0000000000E+00    3.2766912146E+06    0.0000000000E+00    0.0000000000E+00
     3.4022882971E+07    0.0000000000E+00    6.8082812639E+06   -4.3451015386E+06
    -1.2376165193E+08    0.0000000000E+00   -4.3451015386E+06    1.1736247654E+08

 Classical Flexibility Matrix (1-extension; 2-twist; 3,4-bending)
 ========================================================

     1.2495145858E-09    0.0000000000E+00   -5.5340011266E-09    1.1127593443E-09
     0.0000000000E+00    3.0518591302E-07    0.0000000000E+00    0.0000000000E+00
    -5.5340011266E-09    0.0000000000E+00    1.7494411673E-07    6.4120008172E-10
     1.1127593443E-09    0.0000000000E+00    6.4120008172E-10    9.7177824441E-09

 The Neutral Axes (or Tension Center) of the Cross Section
 ========================================================

  Xt2 =    1.1662295252E-01
  Xt3 =    3.2060408079E-02

 Timoshenko Stiffness Matrix (1-extension; 2,3-shear, 4-twist; 5,6-bending)
 ========================================================

     1.0612117877E+09    0.0000000000E+00    0.0000000000E+00    0.0000000000E+00    3.4022882971E+07   -1.2376165193E+08
     0.0000000000E+00    1.5747332296E+08    8.1516837503E+05   -7.0049863240E+06    0.0000000000E+00    0.0000000000E+00
     0.0000000000E+00    8.1516837503E+05    8.8981927934E+06   -5.3110630417E+05    0.0000000000E+00    0.0000000000E+00
     0.0000000000E+00   -7.0049863240E+06   -5.3110630417E+05    3.6158307572E+06    0.0000000000E+00    0.0000000000E+00
     3.4022882971E+07    0.0000000000E+00    0.0000000000E+00    0.0000000000E+00    6.8082812639E+06   -4.3451015386E+06
    -1.2376165193E+08    0.0000000000E+00    0.0000000000E+00    0.0000000000E+00   -4.3451015386E+06    1.1736247654E+08

 Timoshenko Flexibility Matrix (1-extension; 2,3-shear, 4-twist; 5,6-bending)
 ========================================================

     1.2495145858E-09    0.0000000000E+00    0.0000000000E+00    0.0000000000E+00   -5.5340011266E-09    1.1127593443E-09
     0.0000000000E+00    6.9494002125E-09    1.6841260869E-10    1.3487881961E-08    0.0000000000E+00    0.0000000000E+00
     0.0000000000E+00    1.6841260869E-10    1.1338042691E-07    1.6979994819E-08    0.0000000000E+00    0.0000000000E+00
     0.0000000000E+00    1.3487881961E-08    1.6979994819E-08    3.0518591302E-07    0.0000000000E+00    0.0000000000E+00
    -5.5340011266E-09    0.0000000000E+00    0.0000000000E+00    0.0000000000E+00    1.7494411673E-07    6.4120008172E-10
     1.1127593443E-09    0.0000000000E+00    0.0000000000E+00    0.0000000000E+00    6.4120008172E-10    9.7177824441E-09

 The Generalized Shear Center of the Cross Section in the User Coordinate System
 ========================================================

  Xs2 =   -5.5638199846E-02
  Xs3 =    4.4195624326E-02
