
 The 6X6 Mass Matrix
 ========================================================

     9.7007927651E+02    0.0000000000E+00    0.0000000000E+00    0.0000000000E+00    1.0249184033E+02   -2.6408696346E+02
     0.0000000000E+00    9.7007927651E+02    0.0000000000E+00   -1.0249184033E+02    0.0000000000E+00    0.0000000000E+00
     0.0000000000E+00    0.0000000000E+00    9.7007927651E+02    2.6408696346E+02    0.0000000000E+00    0.0000000000E+00
     0.0000000000E+00   -1.0249184033E+02    2.6408696346E+02    1.4830901844E+03    0.0000000000E+00    0.0000000000E+00
     1.0249184033E+02    0.0000000000E+00    0.0000000000E+00    0.0000000000E+00    1.8061537281E+02   -4.9043159340E+01
    -2.6408696346E+02    0.0000000000E+00    0.0000000000E+00    0.0000000000E+00   -4.9043159340E+01    1.3024748116E+03

 The Mass Center of the Cross Section
 ========================================================

  Xm2 =    2.7223235240E-01
  Xm3 =    1.0565305621E-01

 The 6X6 Mass Matrix at the Mass Center
 ========================================================

   9.700792765125E+02  0.000000000000E+00  0.000000000000E+00  0.000000000000E+00  0.000000000000E+00  0.000000000000E+00
   0.000000000000E+00  9.700792765125E+02  0.000000000000E+00  0.000000000000E+00  0.000000000000E+00  0.000000000000E+00
   0.000000000000E+00  0.000000000000E+00  9.700792765125E+02  0.000000000000E+00  0.000000000000E+00  0.000000000000E+00
   0.000000000000E+00  0.000000000000E+00  0.000000000000E+00  1.400368592921E+03  0.000000000000E+00  0.000000000000E+00
   0.000000000000E+00  0.000000000000E+00  0.000000000000E+00  0.000000000000E+00  1.697867966466E+02 -2.114156454623E+01
   0.000000000000E+00  0.000000000000E+00  0.000000000000E+00  0.000000000000E+00 -2.114156454623E+01  1.230581796275E+03

 The Mass Properties with respect to Principal Inertial Axes
 ========================================================

 Mass Per Unit Span                     =    9.7007927651E+02
 Mass Moments of Intertia about x1 axis =    1.4003685929E+03
 Mass Moments of Intertia about x2 axis =    1.6936561408E+02
 Mass Moments of Intertia about x3 axis =    1.2310029788E+03
 The Principal Inertial Axes Rotated from User Coordinate System by 
     1.1412963981E+00
 Degree about the positive direction of x1 axis.
 The mass-weighted radius of gyration   =    1.2014828263E+00

 The Geometric Center of the Cross Section
 ========================================================

  Xg2 =    3.0523627181E-01
  Xg3 =    1.0488207514E-01

 Classical Stiffness Matrix (1-extension; 2-twist; 3,4-bending)
 ========================================================

     1.5241837777E+10    0.0000000000E+00    1.6174140222E+09   -3.2052693486E+09
     0.0000000000E+00    7.4241498665E+08    0.0000000000E+00    0.0000000000E+00
     1.6174140222E+09    0.0000000000E+00    3.3043098532E+09   -5.3155418388E+08
    -3.2052693486E+09    0.0000000000E+00   -5.3155418388E+08    1.5119332832E+10

 Classical Flexibility Matrix (1-extension; 2-twist; 3,4-bending)
 ========================================================

     7.2081405323E-11    0.0000000000E+00   -3.3011325547E-11    1.4120531194E-11
     0.0000000000E+00    1.3469555679E-09    0.0000000000E+00    0.0000000000E+00
    -3.3011325547E-11    0.0000000000E+00    3.1947467700E-10    4.2335142683E-12
     1.4120531194E-11    0.0000000000E+00    4.2335142683E-12    6.9282848636E-11

 The Neutral Axes (or Tension Center) of the Cross Section
 ========================================================

  Xt2 =    2.1029415190E-01
  Xt3 =    1.0611673250E-01

 Timoshenko Stiffness Matrix (1-extension; 2,3-shear, 4-twist; 5,6-bending)
 ========================================================

     1.5241837777E+10    0.0000000000E+00    0.0000000000E+00    0.0000000000E+00    1.6174140222E+09   -3.2052693486E+09
     0.0000000000E+00    1.0808161348E+09    1.9706923959E+07   -1.6180405034E+08    0.0000000000E+00    0.0000000000E+00
     0.0000000000E+00    1.9706923959E+07    3.0378784690E+08   -3.6622709807E+06    0.0000000000E+00    0.0000000000E+00
     0.0000000000E+00   -1.6180405034E+08   -3.6622709807E+06    7.6663960340E+08    0.0000000000E+00    0.0000000000E+00
     1.6174140222E+09    0.0000000000E+00    0.0000000000E+00    0.0000000000E+00    3.3043098532E+09   -5.3155418388E+08
    -3.2052693486E+09    0.0000000000E+00    0.0000000000E+00    0.0000000000E+00   -5.3155418388E+08    1.5119332832E+10

 Timoshenko Flexibility Matrix (1-extension; 2,3-shear, 4-twist; 5,6-bending)
 ========================================================

     7.2081405323E-11    0.0000000000E+00    0.0000000000E+00    0.0000000000E+00   -3.3011325547E-11    1.4120531194E-11
     0.0000000000E+00    9.5649274921E-10   -5.9618107651E-11    2.0158893774E-10    0.0000000000E+00    0.0000000000E+00
     0.0000000000E+00   -5.9618107651E-11    3.2956764910E-09    3.1608190766E-12    0.0000000000E+00    0.0000000000E+00
     0.0000000000E+00    2.0158893774E-10    3.1608190766E-12    1.3469555679E-09    0.0000000000E+00    0.0000000000E+00
    -3.3011325547E-11    0.0000000000E+00    0.0000000000E+00    0.0000000000E+00    3.1947467700E-10    4.2335142683E-12
     1.4120531194E-11    0.0000000000E+00    0.0000000000E+00    0.0000000000E+00    4.2335142683E-12    6.9282848636E-11

 The Generalized Shear Center of the Cross Section in the User Coordinate System
 ========================================================

  Xs2 =   -2.3466394526E-03
  Xs3 =    1.4966264852E-01
