
 The 6X6 Mass Matrix
 ========================================================

     1.4920381921E+03    0.0000000000E+00    0.0000000000E+00    0.0000000000E+00   -5.1800509108E+01   -7.1359388940E+02
     0.0000000000E+00    1.4920381921E+03    0.0000000000E+00    5.1800509108E+01    0.0000000000E+00    0.0000000000E+00
     0.0000000000E+00    0.0000000000E+00    1.4920381921E+03    7.1359388940E+02    0.0000000000E+00    0.0000000000E+00
     0.0000000000E+00    5.1800509108E+01    7.1359388940E+02    4.6944946723E+03    0.0000000000E+00    0.0000000000E+00
    -5.1800509108E+01    0.0000000000E+00    0.0000000000E+00    0.0000000000E+00    8.1984276677E+02   -1.3772868815E+02
    -7.1359388940E+02    0.0000000000E+00    0.0000000000E+00    0.0000000000E+00   -1.3772868815E+02    3.8746519055E+03

 The Mass Center of the Cross Section
 ========================================================

  Xm2 =    4.7826784406E-01
  Xm3 =   -3.4717951177E-02

 The 6X6 Mass Matrix at the Mass Center
 ========================================================

   1.492038192123E+03  0.000000000000E+00  0.000000000000E+00  0.000000000000E+00  0.000000000000E+00  0.000000000000E+00
   0.000000000000E+00  1.492038192123E+03  0.000000000000E+00  0.000000000000E+00  0.000000000000E+00  0.000000000000E+00
   0.000000000000E+00  0.000000000000E+00  1.492038192123E+03  0.000000000000E+00  0.000000000000E+00  0.000000000000E+00
   0.000000000000E+00  0.000000000000E+00  0.000000000000E+00  4.351407253755E+03  0.000000000000E+00  0.000000000000E+00
   0.000000000000E+00  0.000000000000E+00  0.000000000000E+00  0.000000000000E+00  8.180443592241E+02 -1.625032059610E+02
   0.000000000000E+00  0.000000000000E+00  0.000000000000E+00  0.000000000000E+00 -1.625032059610E+02  3.533362894531E+03

 The Mass Properties with respect to Principal Inertial Axes
 ========================================================

 Mass Per Unit Span                     =    1.4920381921E+03
 Mass Moments of Intertia about x1 axis =    4.3514072538E+03
 Mass Moments of Intertia about x2 axis =    8.0835364279E+02
 Mass Moments of Intertia about x3 axis =    3.5430536110E+03
 The Principal Inertial Axes Rotated from User Coordinate System by 
     3.4127349619E+00
 Degree about the positive direction of x1 axis.
 The mass-weighted radius of gyration   =    1.7077523659E+00

 The Geometric Center of the Cross Section
 ========================================================

  Xg2 =    4.3969511309E-01
  Xg3 =   -1.6684335146E-02

 Classical Stiffness Matrix (1-extension; 2-twist; 3,4-bending)
 ========================================================

     2.3358248804E+10    0.0000000000E+00   -1.0685905711E+09   -1.1483271171E+10
     0.0000000000E+00    2.6876128494E+09    0.0000000000E+00    0.0000000000E+00
    -1.0685905711E+09    0.0000000000E+00    1.4848348942E+10   -1.7649449156E+09
    -1.1483271171E+10    0.0000000000E+00   -1.7649449156E+09    5.5073322633E+10

 Classical Flexibility Matrix (1-extension; 2-twist; 3,4-bending)
 ========================================================

     4.8020679206E-11    0.0000000000E+00    4.6638290171E-12    1.0162195700E-11
     0.0000000000E+00    3.7207739955E-10    0.0000000000E+00    0.0000000000E+00
     4.6638290171E-12    0.0000000000E+00    6.8058038834E-11    3.1535177941E-12
     1.0162195700E-11    0.0000000000E+00    3.1535177941E-12    2.0377579933E-11

 The Neutral Axes (or Tension Center) of the Cross Section
 ========================================================

  Xt2 =    4.9161524339E-01
  Xt3 =   -4.5747888898E-02

 Timoshenko Stiffness Matrix (1-extension; 2,3-shear, 4-twist; 5,6-bending)
 ========================================================

     2.3358248804E+10    0.0000000000E+00    0.0000000000E+00    0.0000000000E+00   -1.0685905711E+09   -1.1483271171E+10
     0.0000000000E+00    1.1355604587E+09    3.7790793570E+07   -1.8775434309E+07    0.0000000000E+00    0.0000000000E+00
     0.0000000000E+00    3.7790793570E+07    6.8141881624E+08   -6.6922520836E+06    0.0000000000E+00    0.0000000000E+00
     0.0000000000E+00   -1.8775434309E+07   -6.6922520836E+06    2.6879774084E+09    0.0000000000E+00    0.0000000000E+00
    -1.0685905711E+09    0.0000000000E+00    0.0000000000E+00    0.0000000000E+00    1.4848348942E+10   -1.7649449156E+09
    -1.1483271171E+10    0.0000000000E+00    0.0000000000E+00    0.0000000000E+00   -1.7649449156E+09    5.5073322633E+10

 Timoshenko Flexibility Matrix (1-extension; 2,3-shear, 4-twist; 5,6-bending)
 ========================================================

     4.8020679206E-11    0.0000000000E+00    0.0000000000E+00    0.0000000000E+00    4.6638290171E-12    1.0162195700E-11
     0.0000000000E+00    8.8234883733E-10   -4.8874834056E-11    6.0414942000E-12    0.0000000000E+00    0.0000000000E+00
     0.0000000000E+00   -4.8874834056E-11    1.4702693958E-09    3.3191377143E-12    0.0000000000E+00    0.0000000000E+00
     0.0000000000E+00    6.0414942000E-12    3.3191377143E-12    3.7207739955E-10    0.0000000000E+00    0.0000000000E+00
     4.6638290171E-12    0.0000000000E+00    0.0000000000E+00    0.0000000000E+00    6.8058038834E-11    3.1535177941E-12
     1.0162195700E-11    0.0000000000E+00    0.0000000000E+00    0.0000000000E+00    3.1535177941E-12    2.0377579933E-11

 The Generalized Shear Center of the Cross Section in the User Coordinate System
 ========================================================

  Xs2 =   -8.9205571699E-03
  Xs3 =    1.6237197441E-02
