
 The 6X6 Mass Matrix
 ========================================================

     1.4920372183E+03    0.0000000000E+00    0.0000000000E+00    0.0000000000E+00   -5.1800625421E+01   -7.1359024574E+02
     0.0000000000E+00    1.4920372183E+03    0.0000000000E+00    5.1800625421E+01    0.0000000000E+00    0.0000000000E+00
     0.0000000000E+00    0.0000000000E+00    1.4920372183E+03    7.1359024574E+02    0.0000000000E+00    0.0000000000E+00
     0.0000000000E+00    5.1800625421E+01    7.1359024574E+02    4.6944810212E+03    0.0000000000E+00    0.0000000000E+00
    -5.1800625421E+01    0.0000000000E+00    0.0000000000E+00    0.0000000000E+00    8.1984274861E+02   -1.3772825243E+02
    -7.1359024574E+02    0.0000000000E+00    0.0000000000E+00    0.0000000000E+00   -1.3772825243E+02    3.8746382726E+03

 The Mass Center of the Cross Section
 ========================================================

  Xm2 =    4.7826571415E-01
  Xm3 =   -3.4718051793E-02

 The 6X6 Mass Matrix at the Mass Center
 ========================================================

   1.492037218295E+03  0.000000000000E+00  0.000000000000E+00  0.000000000000E+00  0.000000000000E+00  0.000000000000E+00
   0.000000000000E+00  1.492037218295E+03  0.000000000000E+00  0.000000000000E+00  0.000000000000E+00  0.000000000000E+00
   0.000000000000E+00  0.000000000000E+00  1.492037218295E+03  0.000000000000E+00  0.000000000000E+00  0.000000000000E+00
   0.000000000000E+00  0.000000000000E+00  0.000000000000E+00  4.351396855931E+03  0.000000000000E+00  0.000000000000E+00
   0.000000000000E+00  0.000000000000E+00  0.000000000000E+00  0.000000000000E+00  8.180443318103E+02 -1.625027155370E+02
   0.000000000000E+00  0.000000000000E+00  0.000000000000E+00  0.000000000000E+00 -1.625027155370E+02  3.533352524120E+03

 The Mass Properties with respect to Principal Inertial Axes
 ========================================================

 Mass Per Unit Span                     =    1.4920372183E+03
 Mass Moments of Intertia about x1 axis =    4.3513968559E+03
 Mass Moments of Intertia about x2 axis =    8.0835363701E+02
 Mass Moments of Intertia about x3 axis =    3.5430432189E+03
 The Principal Inertial Axes Rotated from User Coordinate System by 
     3.4127376365E+00
 Degree about the positive direction of x1 axis.
 The mass-weighted radius of gyration   =    1.7077508828E+00

 The Geometric Center of the Cross Section
 ========================================================

  Xg2 =    4.3969450535E-01
  Xg3 =   -1.6684361846E-02

 Classical Stiffness Matrix (1-extension; 2-twist; 3,4-bending)
 ========================================================

     2.3358225861E+10    0.0000000000E+00   -1.0685932074E+09   -1.1483185366E+10
     0.0000000000E+00    2.6876128418E+09    0.0000000000E+00    0.0000000000E+00
    -1.0685932074E+09    0.0000000000E+00    1.4848348572E+10   -1.7649350520E+09
    -1.1483185366E+10    0.0000000000E+00   -1.7649350520E+09    5.5073001805E+10

 Classical Flexibility Matrix (1-extension; 2-twist; 3,4-bending)
 ========================================================

     4.8020681753E-11    0.0000000000E+00    4.6638292000E-12    1.0162179785E-11
     0.0000000000E+00    3.7207740060E-10    0.0000000000E+00    0.0000000000E+00
     4.6638292000E-12    0.0000000000E+00    6.8058039151E-11    3.1535167577E-12
     1.0162179785E-11    0.0000000000E+00    3.1535167577E-12    2.0377678893E-11

 The Neutral Axes (or Tension Center) of the Cross Section
 ========================================================

  Xt2 =    4.9161205284E-01
  Xt3 =   -4.5748046695E-02

 Timoshenko Stiffness Matrix (1-extension; 2,3-shear, 4-twist; 5,6-bending)
 ========================================================

     2.3358225861E+10    0.0000000000E+00    0.0000000000E+00    0.0000000000E+00   -1.0685932074E+09   -1.1483185366E+10
     0.0000000000E+00    1.1355593589E+09    3.7790856440E+07   -1.8775211995E+07    0.0000000000E+00    0.0000000000E+00
     0.0000000000E+00    3.7790856440E+07    6.8141881906E+08   -6.6922417356E+06    0.0000000000E+00    0.0000000000E+00
     0.0000000000E+00   -1.8775211995E+07   -6.6922417356E+06    2.6879773937E+09    0.0000000000E+00    0.0000000000E+00
    -1.0685932074E+09    0.0000000000E+00    0.0000000000E+00    0.0000000000E+00    1.4848348572E+10   -1.7649350520E+09
    -1.1483185366E+10    0.0000000000E+00    0.0000000000E+00    0.0000000000E+00   -1.7649350520E+09    5.5073001805E+10

 Timoshenko Flexibility Matrix (1-extension; 2,3-shear, 4-twist; 5,6-bending)
 ========================================================

     4.8020681753E-11    0.0000000000E+00    0.0000000000E+00    0.0000000000E+00    4.6638292000E-12    1.0162179785E-11
     0.0000000000E+00    8.8234969663E-10   -4.8874963668E-11    6.0414271245E-12    0.0000000000E+00    0.0000000000E+00
     0.0000000000E+00   -4.8874963668E-11    1.4702694014E-09    3.3191352231E-12    0.0000000000E+00    0.0000000000E+00
     0.0000000000E+00    6.0414271245E-12    3.3191352231E-12    3.7207740060E-10    0.0000000000E+00    0.0000000000E+00
     4.6638292000E-12    0.0000000000E+00    0.0000000000E+00    0.0000000000E+00    6.8058039151E-11    3.1535167577E-12
     1.0162179785E-11    0.0000000000E+00    0.0000000000E+00    0.0000000000E+00    3.1535167577E-12    2.0377678893E-11

 The Generalized Shear Center of the Cross Section in the User Coordinate System
 ========================================================

  Xs2 =   -8.9205504492E-03
  Xs3 =    1.6237017122E-02
