
 The 6X6 Mass Matrix
 ========================================================

     2.8137369848E+03    0.0000000000E+00    0.0000000000E+00    0.0000000000E+00   -1.1778539629E-02   -1.4640272522E+02
     0.0000000000E+00    2.8137369848E+03    0.0000000000E+00    1.1778539629E-02    0.0000000000E+00    0.0000000000E+00
     0.0000000000E+00    0.0000000000E+00    2.8137369848E+03    1.4640272522E+02    0.0000000000E+00    0.0000000000E+00
     0.0000000000E+00    1.1778539629E-02    1.4640272522E+02    2.1403861547E+04    0.0000000000E+00    0.0000000000E+00
    -1.1778539629E-02    0.0000000000E+00    0.0000000000E+00    0.0000000000E+00    1.0581115086E+04   -1.7220133651E-02
    -1.4640272522E+02    0.0000000000E+00    0.0000000000E+00    0.0000000000E+00   -1.7220133651E-02    1.0822746461E+04

 The Mass Center of the Cross Section
 ========================================================

  Xm2 =    5.2031418009E-02
  Xm3 =   -4.1860840914E-06

 The 6X6 Mass Matrix at the Mass Center
 ========================================================

   2.813736984776E+03  0.000000000000E+00  0.000000000000E+00  0.000000000000E+00  0.000000000000E+00  0.000000000000E+00
   0.000000000000E+00  2.813736984776E+03  0.000000000000E+00  0.000000000000E+00  0.000000000000E+00  0.000000000000E+00
   0.000000000000E+00  0.000000000000E+00  2.813736984776E+03  0.000000000000E+00  0.000000000000E+00  0.000000000000E+00
   0.000000000000E+00  0.000000000000E+00  0.000000000000E+00  2.139624400523E+04  0.000000000000E+00  0.000000000000E+00
   0.000000000000E+00  0.000000000000E+00  0.000000000000E+00  0.000000000000E+00  1.058111508560E+04 -1.783298776954E-02
   0.000000000000E+00  0.000000000000E+00  0.000000000000E+00  0.000000000000E+00 -1.783298776954E-02  1.081512891963E+04

 The Mass Properties with respect to Principal Inertial Axes
 ========================================================

 Mass Per Unit Span                     =    2.8137369848E+03
 Mass Moments of Intertia about x1 axis =    2.1396244005E+04
 Mass Moments of Intertia about x2 axis =    1.0581115084E+04
 Mass Moments of Intertia about x3 axis =    1.0815128921E+04
 The Principal Inertial Axes Rotated from User Coordinate System by 
     4.3662159190E-03
 Degree about the positive direction of x1 axis.
 The mass-weighted radius of gyration   =    2.7575730208E+00

 The Geometric Center of the Cross Section
 ========================================================

  Xg2 =    4.2205538948E-02
  Xg3 =    8.4672917014E-15

 Classical Stiffness Matrix (1-extension; 2-twist; 3,4-bending)
 ========================================================

     4.1783510998E+10    0.0000000000E+00   -3.7947687315E+05   -3.2570485327E+09
     0.0000000000E+00    7.8446311336E+10    0.0000000000E+00    0.0000000000E+00
    -3.7947687315E+05    0.0000000000E+00    1.5803047543E+11   -5.5482714482E+05
    -3.2570485327E+09    0.0000000000E+00   -5.5482714482E+05    1.5979619059E+11

 Classical Flexibility Matrix (1-extension; 2-twist; 3,4-bending)
 ========================================================

     2.3970971642E-11    0.0000000000E+00    5.9276615035E-17    4.8858873142E-13
     0.0000000000E+00    1.2747571976E-11    0.0000000000E+00    0.0000000000E+00
     5.9276615035E-17    0.0000000000E+00    6.3278933845E-12    2.3179237362E-17
     4.8858873142E-13    0.0000000000E+00    2.3179237362E-17    6.2679301272E-12

 The Neutral Axes (or Tension Center) of the Cross Section
 ========================================================

  Xt2 =    7.7950570809E-02
  Xt3 =   -9.0819766959E-06

 Timoshenko Stiffness Matrix (1-extension; 2,3-shear, 4-twist; 5,6-bending)
 ========================================================

     4.1783510998E+10    0.0000000000E+00    0.0000000000E+00    0.0000000000E+00   -3.7947687315E+05   -3.2570485327E+09
     0.0000000000E+00    5.2875851308E+09   -1.9767511638E+04    9.6372754673E+04    0.0000000000E+00    0.0000000000E+00
     0.0000000000E+00   -1.9767511638E+04    4.9969003757E+09    1.9943053608E+08    0.0000000000E+00    0.0000000000E+00
     0.0000000000E+00    9.6372754673E+04    1.9943053608E+08    7.8454270780E+10    0.0000000000E+00    0.0000000000E+00
    -3.7947687315E+05    0.0000000000E+00    0.0000000000E+00    0.0000000000E+00    1.5803047543E+11   -5.5482714482E+05
    -3.2570485327E+09    0.0000000000E+00    0.0000000000E+00    0.0000000000E+00   -5.5482714482E+05    1.5979619059E+11

 Timoshenko Flexibility Matrix (1-extension; 2,3-shear, 4-twist; 5,6-bending)
 ========================================================

     2.3970971642E-11    0.0000000000E+00    0.0000000000E+00    0.0000000000E+00    5.9276615035E-17    4.8858873142E-13
     0.0000000000E+00    1.8912225057E-10    7.5750786606E-16   -2.3424221874E-16    0.0000000000E+00    0.0000000000E+00
     0.0000000000E+00    7.5750786606E-16    2.0014436718E-10   -5.0876642046E-13    0.0000000000E+00    0.0000000000E+00
     0.0000000000E+00   -2.3424221874E-16   -5.0876642046E-13    1.2747571976E-11    0.0000000000E+00    0.0000000000E+00
     5.9276615035E-17    0.0000000000E+00    0.0000000000E+00    0.0000000000E+00    6.3278933845E-12    2.3179237362E-17
     4.8858873142E-13    0.0000000000E+00    0.0000000000E+00    0.0000000000E+00    2.3179237362E-17    6.2679301272E-12

 The Generalized Shear Center of the Cross Section in the User Coordinate System
 ========================================================

  Xs2 =    3.9910849017E-02
  Xs3 =   -1.8375438020E-05
