
 The 6X6 Mass Matrix
 ========================================================

     2.1867696386E+03    0.0000000000E+00    0.0000000000E+00    0.0000000000E+00   -1.2512856101E+00   -6.0130696350E+02
     0.0000000000E+00    2.1867696386E+03    0.0000000000E+00    1.2512856101E+00    0.0000000000E+00    0.0000000000E+00
     0.0000000000E+00    0.0000000000E+00    2.1867696386E+03    6.0130696350E+02    0.0000000000E+00    0.0000000000E+00
     0.0000000000E+00    1.2512856101E+00    6.0130696350E+02    1.3899918973E+04    0.0000000000E+00    0.0000000000E+00
    -1.2512856101E+00    0.0000000000E+00    0.0000000000E+00    0.0000000000E+00    6.1434388970E+03   -1.6583666047E+01
    -6.0130696350E+02    0.0000000000E+00    0.0000000000E+00    0.0000000000E+00   -1.6583666047E+01    7.7564800760E+03

 The Mass Center of the Cross Section
 ========================================================

  Xm2 =    2.7497499183E-01
  Xm3 =   -5.7220732720E-04

 The 6X6 Mass Matrix at the Mass Center
 ========================================================

   2.186769638585E+03  0.000000000000E+00  0.000000000000E+00  0.000000000000E+00  0.000000000000E+00  0.000000000000E+00
   0.000000000000E+00  2.186769638585E+03  0.000000000000E+00  0.000000000000E+00  0.000000000000E+00  0.000000000000E+00
   0.000000000000E+00  0.000000000000E+00  2.186769638585E+03  0.000000000000E+00  0.000000000000E+00  0.000000000000E+00
   0.000000000000E+00  0.000000000000E+00  0.000000000000E+00  1.373457387964E+04  0.000000000000E+00  0.000000000000E+00
   0.000000000000E+00  0.000000000000E+00  0.000000000000E+00  0.000000000000E+00  6.143438181009E+03 -1.692773829747E+01
   0.000000000000E+00  0.000000000000E+00  0.000000000000E+00  0.000000000000E+00 -1.692773829747E+01  7.591135698629E+03

 The Mass Properties with respect to Principal Inertial Axes
 ========================================================

 Mass Per Unit Span                     =    2.1867696386E+03
 Mass Moments of Intertia about x1 axis =    1.3734573880E+04
 Mass Moments of Intertia about x2 axis =    6.1432402742E+03
 Mass Moments of Intertia about x3 axis =    7.5913336054E+03
 The Principal Inertial Axes Rotated from User Coordinate System by 
     6.6982998803E-01
 Degree about the positive direction of x1 axis.
 The mass-weighted radius of gyration   =    2.5061443218E+00

 The Geometric Center of the Cross Section
 ========================================================

  Xg2 =    7.3666582269E-02
  Xg3 =   -1.2010221301E-03

 Classical Stiffness Matrix (1-extension; 2-twist; 3,4-bending)
 ========================================================

     2.7924935730E+10    0.0000000000E+00   -4.4697301713E+06   -1.1987866467E+10
     0.0000000000E+00    3.6676440372E+10    0.0000000000E+00    0.0000000000E+00
    -4.4697301713E+06    0.0000000000E+00    8.3462118914E+10   -2.3203824764E+08
    -1.1987866467E+10    0.0000000000E+00   -2.3203824764E+08    1.0964988956E+11

 Classical Flexibility Matrix (1-extension; 2-twist; 3,4-bending)
 ========================================================

     3.7573773277E-11    0.0000000000E+00    1.3432898466E-14    4.1079156163E-12
     0.0000000000E+00    2.7265459512E-11    0.0000000000E+00    0.0000000000E+00
     1.3432898466E-14    0.0000000000E+00    1.1981558786E-11    2.6823663110E-14
     4.1079156163E-12    0.0000000000E+00    2.6823663110E-14    9.5691055609E-12

 The Neutral Axes (or Tension Center) of the Cross Section
 ========================================================

  Xt2 =    4.2928895461E-01
  Xt3 =   -1.6006232618E-04

 Timoshenko Stiffness Matrix (1-extension; 2,3-shear, 4-twist; 5,6-bending)
 ========================================================

     2.7924935730E+10    0.0000000000E+00    0.0000000000E+00    0.0000000000E+00   -4.4697301713E+06   -1.1987866467E+10
     0.0000000000E+00    2.9354412490E+09    5.4156097009E+06    1.8665141890E+06    0.0000000000E+00    0.0000000000E+00
     0.0000000000E+00    5.4156097009E+06    3.4090197147E+09    6.9089417164E+08    0.0000000000E+00    0.0000000000E+00
     0.0000000000E+00    1.8665141890E+06    6.9089417164E+08    3.6816461693E+10    0.0000000000E+00    0.0000000000E+00
    -4.4697301713E+06    0.0000000000E+00    0.0000000000E+00    0.0000000000E+00    8.3462118914E+10   -2.3203824764E+08
    -1.1987866467E+10    0.0000000000E+00    0.0000000000E+00    0.0000000000E+00   -2.3203824764E+08    1.0964988956E+11

 Timoshenko Flexibility Matrix (1-extension; 2,3-shear, 4-twist; 5,6-bending)
 ========================================================

     3.7573773277E-11    0.0000000000E+00    0.0000000000E+00    0.0000000000E+00    1.3432898466E-14    4.1079156163E-12
     0.0000000000E+00    3.4066528727E-10   -5.3973746059E-13   -7.1423247792E-15    0.0000000000E+00    0.0000000000E+00
     0.0000000000E+00   -5.3973746059E-13    2.9446020831E-10   -5.5257845246E-12    0.0000000000E+00    0.0000000000E+00
     0.0000000000E+00   -7.1423247792E-15   -5.5257845246E-12    2.7265459512E-11    0.0000000000E+00    0.0000000000E+00
     1.3432898466E-14    0.0000000000E+00    0.0000000000E+00    0.0000000000E+00    1.1981558786E-11    2.6823663110E-14
     4.1079156163E-12    0.0000000000E+00    0.0000000000E+00    0.0000000000E+00    2.6823663110E-14    9.5691055609E-12

 The Generalized Shear Center of the Cross Section in the User Coordinate System
 ========================================================

  Xs2 =    2.0266610663E-01
  Xs3 =   -2.6195504888E-04
