
 The 6X6 Mass Matrix
 ========================================================

     3.1564829350E+03    0.0000000000E+00    0.0000000000E+00    0.0000000000E+00   -2.1957875362E-07   -1.7675117576E+02
     0.0000000000E+00    3.1564829350E+03    0.0000000000E+00    2.1957875362E-07    0.0000000000E+00    0.0000000000E+00
     0.0000000000E+00    0.0000000000E+00    3.1564829350E+03    1.7675117576E+02    0.0000000000E+00    0.0000000000E+00
     0.0000000000E+00    2.1957875362E-07    1.7675117576E+02    2.1184945197E+04    0.0000000000E+00    0.0000000000E+00
    -2.1957875362E-07    0.0000000000E+00    0.0000000000E+00    0.0000000000E+00    1.0561303368E+04    4.4070169736E-09
    -1.7675117576E+02    0.0000000000E+00    0.0000000000E+00    0.0000000000E+00    4.4070169736E-09    1.0623641829E+04

 The Mass Center of the Cross Section
 ========================================================

  Xm2 =    5.5996239928E-02
  Xm3 =   -6.9564372166E-11

 The 6X6 Mass Matrix at the Mass Center
 ========================================================

   3.156482934988E+03  0.000000000000E+00  0.000000000000E+00  0.000000000000E+00  0.000000000000E+00  0.000000000000E+00
   0.000000000000E+00  3.156482934988E+03  0.000000000000E+00  0.000000000000E+00  0.000000000000E+00  0.000000000000E+00
   0.000000000000E+00  0.000000000000E+00  3.156482934988E+03  0.000000000000E+00  0.000000000000E+00  0.000000000000E+00
   0.000000000000E+00  0.000000000000E+00  0.000000000000E+00  2.117504779568E+04  0.000000000000E+00  0.000000000000E+00
   0.000000000000E+00  0.000000000000E+00  0.000000000000E+00  0.000000000000E+00  1.056130336793E+04 -7.888567597452E-09
   0.000000000000E+00  0.000000000000E+00  0.000000000000E+00  0.000000000000E+00 -7.888567597452E-09  1.061374442775E+04

 The Mass Properties with respect to Principal Inertial Axes
 ========================================================

 Mass Per Unit Span                     =    3.1564829350E+03
 Mass Moments of Intertia about x1 axis =    2.1175047796E+04
 Mass Moments of Intertia about x2 axis =    1.0561303368E+04
 Mass Moments of Intertia about x3 axis =    1.0613744428E+04
 The user coordinate axes are the principal inertial axes.
 The mass-weighted radius of gyration   =    2.5900638880E+00

 The Geometric Center of the Cross Section
 ========================================================

  Xg2 =    2.2989758481E-02
  Xg3 =   -7.8848762309E-11

 Classical Stiffness Matrix (1-extension; 2-twist; 3,4-bending)
 ========================================================

     4.2646139126E+10    0.0000000000E+00   -1.3856608760E+02   -3.9245272819E+09
     0.0000000000E+00    7.2267066341E+10    0.0000000000E+00    0.0000000000E+00
    -1.3856608760E+02    0.0000000000E+00    1.4870203091E+11    1.0897798170E+03
    -3.9245272819E+09    0.0000000000E+00    1.0897798170E+03    1.5418121322E+11

 Classical Flexibility Matrix (1-extension; 2-twist; 3,4-bending)
 ========================================================

     2.3503837244E-11    0.0000000000E+00    1.7517286269E-20    5.9826647207E-13
     0.0000000000E+00    1.3837561847E-11    0.0000000000E+00    0.0000000000E+00
     1.7517286269E-20    0.0000000000E+00    6.7248577166E-12   -4.7086587218E-20
     5.9826647207E-13    0.0000000000E+00   -4.7086587218E-20    6.5011027747E-12

 The Neutral Axes (or Tension Center) of the Cross Section
 ========================================================

  Xt2 =    9.2025382893E-02
  Xt3 =   -3.2492059174E-09

 Timoshenko Stiffness Matrix (1-extension; 2,3-shear, 4-twist; 5,6-bending)
 ========================================================

     4.2646139126E+10    0.0000000000E+00    0.0000000000E+00    0.0000000000E+00   -1.3856608760E+02   -3.9245272819E+09
     0.0000000000E+00    4.9598157044E+09    6.3957794083E+02    1.6184170489E+01    0.0000000000E+00    0.0000000000E+00
     0.0000000000E+00    6.3957794083E+02    6.0739239419E+09    2.5222286155E+08    0.0000000000E+00    0.0000000000E+00
     0.0000000000E+00    1.6184170489E+01    2.5222286155E+08    7.2277540027E+10    0.0000000000E+00    0.0000000000E+00
    -1.3856608760E+02    0.0000000000E+00    0.0000000000E+00    0.0000000000E+00    1.4870203091E+11    1.0897798170E+03
    -3.9245272819E+09    0.0000000000E+00    0.0000000000E+00    0.0000000000E+00    1.0897798170E+03    1.5418121322E+11

 Timoshenko Flexibility Matrix (1-extension; 2,3-shear, 4-twist; 5,6-bending)
 ========================================================

     2.3503837244E-11    0.0000000000E+00    0.0000000000E+00    0.0000000000E+00    1.7517286269E-20    5.9826647207E-13
     0.0000000000E+00    2.0162039471E-10   -2.1231622027E-17    2.8944560376E-20    0.0000000000E+00    0.0000000000E+00
     0.0000000000E+00   -2.1231622027E-17    1.6466207675E-10   -5.7461197726E-13    0.0000000000E+00    0.0000000000E+00
     0.0000000000E+00    2.8944560376E-20   -5.7461197726E-13    1.3837561847E-11    0.0000000000E+00    0.0000000000E+00
     1.7517286269E-20    0.0000000000E+00    0.0000000000E+00    0.0000000000E+00    6.7248577166E-12   -4.7086587218E-20
     5.9826647207E-13    0.0000000000E+00    0.0000000000E+00    0.0000000000E+00   -4.7086587218E-20    6.5011027747E-12

 The Generalized Shear Center of the Cross Section in the User Coordinate System
 ========================================================

  Xs2 =    4.1525521881E-02
  Xs3 =    2.0917384649E-09
