
 The 6X6 Mass Matrix
 ========================================================

     9.6360813424E+02    0.0000000000E+00    0.0000000000E+00    0.0000000000E+00    4.3785621925E+01   -6.7267908457E+02
     0.0000000000E+00    9.6360813424E+02    0.0000000000E+00   -4.3785621925E+01    0.0000000000E+00    0.0000000000E+00
     0.0000000000E+00    0.0000000000E+00    9.6360813424E+02    6.7267908457E+02    0.0000000000E+00    0.0000000000E+00
     0.0000000000E+00   -4.3785621925E+01    6.7267908457E+02    4.1780392819E+03    0.0000000000E+00    0.0000000000E+00
     4.3785621925E+01    0.0000000000E+00    0.0000000000E+00    0.0000000000E+00    4.4481088731E+02   -1.1901781917E+02
    -6.7267908457E+02    0.0000000000E+00    0.0000000000E+00    0.0000000000E+00   -1.1901781917E+02    3.7332283946E+03

 The Mass Center of the Cross Section
 ========================================================

  Xm2 =    6.9808365109E-01
  Xm3 =    4.5439240672E-02

 The 6X6 Mass Matrix at the Mass Center
 ========================================================

   9.636081342430E+02  0.000000000000E+00  0.000000000000E+00  0.000000000000E+00  0.000000000000E+00  0.000000000000E+00
   0.000000000000E+00  9.636081342430E+02  0.000000000000E+00  0.000000000000E+00  0.000000000000E+00  0.000000000000E+00
   0.000000000000E+00  0.000000000000E+00  9.636081342430E+02  0.000000000000E+00  0.000000000000E+00  0.000000000000E+00
   0.000000000000E+00  0.000000000000E+00  0.000000000000E+00  3.706463425097E+03  0.000000000000E+00  0.000000000000E+00
   0.000000000000E+00  0.000000000000E+00  0.000000000000E+00  0.000000000000E+00  4.428213018967E+02 -8.845179235217E+01
   0.000000000000E+00  0.000000000000E+00  0.000000000000E+00  0.000000000000E+00 -8.845179235217E+01  3.263642123200E+03

 The Mass Properties with respect to Principal Inertial Axes
 ========================================================

 Mass Per Unit Span                     =    9.6360813424E+02
 Mass Moments of Intertia about x1 axis =    3.7064634251E+03
 Mass Moments of Intertia about x2 axis =    4.4005046230E+02
 Mass Moments of Intertia about x3 axis =    3.2664129628E+03
 The Principal Inertial Axes Rotated from User Coordinate System by 
     1.7942600177E+00
 Degree about the positive direction of x1 axis.
 The mass-weighted radius of gyration   =    1.9612349807E+00

 The Geometric Center of the Cross Section
 ========================================================

  Xg2 =    5.7478177638E-01
  Xg3 =    5.3306285750E-02

 Classical Stiffness Matrix (1-extension; 2-twist; 3,4-bending)
 ========================================================

     1.3750743954E+10    0.0000000000E+00    5.4553910473E+08   -1.1360564750E+10
     0.0000000000E+00    1.6805768596E+09    0.0000000000E+00    0.0000000000E+00
     5.4553910473E+08    0.0000000000E+00    7.4048999246E+09   -1.5319718395E+09
    -1.1360564750E+10    0.0000000000E+00   -1.5319718395E+09    5.5154521404E+10

 Classical Flexibility Matrix (1-extension; 2-twist; 3,4-bending)
 ========================================================

     8.7692036368E-11    0.0000000000E+00   -2.7393603448E-12    1.7986457121E-11
     0.0000000000E+00    5.9503377918E-10    0.0000000000E+00    0.0000000000E+00
    -2.7393603448E-12    0.0000000000E+00    1.3591180921E-10    3.2108407304E-12
     1.7986457121E-11    0.0000000000E+00    3.2108407304E-12    2.1924861236E-11

 The Neutral Axes (or Tension Center) of the Cross Section
 ========================================================

  Xt2 =    8.2617818987E-01
  Xt3 =    3.9673424692E-02

 Timoshenko Stiffness Matrix (1-extension; 2,3-shear, 4-twist; 5,6-bending)
 ========================================================

     1.3750743954E+10    0.0000000000E+00    0.0000000000E+00    0.0000000000E+00    5.4553910473E+08   -1.1360564750E+10
     0.0000000000E+00    6.8566103399E+08    1.2936204133E+07   -8.3752816224E+07    0.0000000000E+00    0.0000000000E+00
     0.0000000000E+00    1.2936204133E+07    4.7943004592E+08   -1.4866548027E+07    0.0000000000E+00    0.0000000000E+00
     0.0000000000E+00   -8.3752816224E+07   -1.4866548027E+07    1.6911755757E+09    0.0000000000E+00    0.0000000000E+00
     5.4553910473E+08    0.0000000000E+00    0.0000000000E+00    0.0000000000E+00    7.4048999246E+09   -1.5319718395E+09
    -1.1360564750E+10    0.0000000000E+00    0.0000000000E+00    0.0000000000E+00   -1.5319718395E+09    5.5154521404E+10

 Timoshenko Flexibility Matrix (1-extension; 2,3-shear, 4-twist; 5,6-bending)
 ========================================================

     8.7692036368E-11    0.0000000000E+00    0.0000000000E+00    0.0000000000E+00   -2.7393603448E-12    1.7986457121E-11
     0.0000000000E+00    1.4679916763E-09   -3.7365879687E-11    7.2371513166E-11    0.0000000000E+00    0.0000000000E+00
     0.0000000000E+00   -3.7365879687E-11    2.0873298559E-09    1.6498518721E-11    0.0000000000E+00    0.0000000000E+00
     0.0000000000E+00    7.2371513166E-11    1.6498518721E-11    5.9503377918E-10    0.0000000000E+00    0.0000000000E+00
    -2.7393603448E-12    0.0000000000E+00    0.0000000000E+00    0.0000000000E+00    1.3591180921E-10    3.2108407304E-12
     1.7986457121E-11    0.0000000000E+00    0.0000000000E+00    0.0000000000E+00    3.2108407304E-12    2.1924861236E-11

 The Generalized Shear Center of the Cross Section in the User Coordinate System
 ========================================================

  Xs2 =   -2.7727028781E-02
  Xs3 =    1.2162589032E-01
