
 The 6X6 Mass Matrix
 ========================================================

     1.9301595709E+03    0.0000000000E+00    0.0000000000E+00    0.0000000000E+00   -5.2407361663E+01   -1.5267523761E+03
     0.0000000000E+00    1.9301595709E+03    0.0000000000E+00    5.2407361663E+01    0.0000000000E+00    0.0000000000E+00
     0.0000000000E+00    0.0000000000E+00    1.9301595709E+03    1.5267523761E+03    0.0000000000E+00    0.0000000000E+00
     0.0000000000E+00    5.2407361663E+01    1.5267523761E+03    1.0981421168E+04    0.0000000000E+00    0.0000000000E+00
    -5.2407361663E+01    0.0000000000E+00    0.0000000000E+00    0.0000000000E+00    2.5172728368E+03   -1.2465351131E+02
    -1.5267523761E+03    0.0000000000E+00    0.0000000000E+00    0.0000000000E+00   -1.2465351131E+02    8.4641483312E+03

 The Mass Center of the Cross Section
 ========================================================

  Xm2 =    7.9099800817E-01
  Xm3 =   -2.7151828508E-02

 The 6X6 Mass Matrix at the Mass Center
 ========================================================

   1.930159570915E+03  0.000000000000E+00  0.000000000000E+00  0.000000000000E+00  0.000000000000E+00  0.000000000000E+00
   0.000000000000E+00  1.930159570915E+03  0.000000000000E+00  0.000000000000E+00  0.000000000000E+00  0.000000000000E+00
   0.000000000000E+00  0.000000000000E+00  1.930159570915E+03  0.000000000000E+00  0.000000000000E+00  0.000000000000E+00
   0.000000000000E+00  0.000000000000E+00  0.000000000000E+00  9.772340123911E+03  0.000000000000E+00  0.000000000000E+00
   0.000000000000E+00  0.000000000000E+00  0.000000000000E+00  0.000000000000E+00  2.515849881108E+03 -1.661076299990E+02
   0.000000000000E+00  0.000000000000E+00  0.000000000000E+00  0.000000000000E+00 -1.661076299990E+02  7.256490242803E+03

 The Mass Properties with respect to Principal Inertial Axes
 ========================================================

 Mass Per Unit Span                     =    1.9301595709E+03
 Mass Moments of Intertia about x1 axis =    9.7723401239E+03
 Mass Moments of Intertia about x2 axis =    2.5100367525E+03
 Mass Moments of Intertia about x3 axis =    7.2623033714E+03
 The Principal Inertial Axes Rotated from User Coordinate System by 
     2.0043140952E+00
 Degree about the positive direction of x1 axis.
 The mass-weighted radius of gyration   =    2.2501044560E+00

 The Geometric Center of the Cross Section
 ========================================================

  Xg2 =    6.5777953178E-01
  Xg3 =   -1.5109767563E-02

 Classical Stiffness Matrix (1-extension; 2-twist; 3,4-bending)
 ========================================================

     2.8694065380E+10    0.0000000000E+00   -9.8710706499E+08   -2.6215010525E+10
     0.0000000000E+00    7.6396739806E+09    0.0000000000E+00    0.0000000000E+00
    -9.8710706499E+08    0.0000000000E+00    4.3017777190E+10   -1.8071873297E+09
    -2.6215010525E+10    0.0000000000E+00   -1.8071873297E+09    1.2831332005E+11

 Classical Flexibility Matrix (1-extension; 2-twist; 3,4-bending)
 ========================================================

     4.2926880150E-11    0.0000000000E+00    1.3542592365E-12    8.7892357131E-12
     0.0000000000E+00    1.3089563803E-10    0.0000000000E+00    0.0000000000E+00
     1.3542592365E-12    0.0000000000E+00    2.3302690121E-11    6.0488066585E-13
     8.7892357131E-12    0.0000000000E+00    6.0488066585E-13    9.5976243066E-12

 The Neutral Axes (or Tension Center) of the Cross Section
 ========================================================

  Xt2 =    9.1360391698E-01
  Xt3 =   -3.4401087888E-02

 Timoshenko Stiffness Matrix (1-extension; 2,3-shear, 4-twist; 5,6-bending)
 ========================================================

     2.8694065380E+10    0.0000000000E+00    0.0000000000E+00    0.0000000000E+00   -9.8710706499E+08   -2.6215010525E+10
     0.0000000000E+00    1.1604559104E+09    9.0825896226E+06   -1.0246861936E+07    0.0000000000E+00    0.0000000000E+00
     0.0000000000E+00    9.0825896226E+06    1.2676562949E+09    1.0774038260E+08    0.0000000000E+00    0.0000000000E+00
     0.0000000000E+00   -1.0246861936E+07    1.0774038260E+08    7.6489356611E+09    0.0000000000E+00    0.0000000000E+00
    -9.8710706499E+08    0.0000000000E+00    0.0000000000E+00    0.0000000000E+00    4.3017777190E+10   -1.8071873297E+09
    -2.6215010525E+10    0.0000000000E+00    0.0000000000E+00    0.0000000000E+00   -1.8071873297E+09    1.2831332005E+11

 Timoshenko Flexibility Matrix (1-extension; 2,3-shear, 4-twist; 5,6-bending)
 ========================================================

     4.2926880150E-11    0.0000000000E+00    0.0000000000E+00    0.0000000000E+00    1.3542592365E-12    8.7892357131E-12
     0.0000000000E+00    8.6179041218E-10   -6.2802552687E-12    1.2429552160E-12    0.0000000000E+00    0.0000000000E+00
     0.0000000000E+00   -6.2802552687E-12    7.8984865392E-10   -1.1133960704E-11    0.0000000000E+00    0.0000000000E+00
     0.0000000000E+00    1.2429552160E-12   -1.1133960704E-11    1.3089563803E-10    0.0000000000E+00    0.0000000000E+00
     1.3542592365E-12    0.0000000000E+00    0.0000000000E+00    0.0000000000E+00    2.3302690121E-11    6.0488066585E-13
     8.7892357131E-12    0.0000000000E+00    0.0000000000E+00    0.0000000000E+00    6.0488066585E-13    9.5976243066E-12

 The Generalized Shear Center of the Cross Section in the User Coordinate System
 ========================================================

  Xs2 =    8.5059829892E-02
  Xs3 =    9.4957726227E-03
